2455260.85336 17.168 0.012 4.08 601.0
2455260.90029 17.164 0.011 3.79 700.0
2455261.79151 17.160 0.013 4.57 603.0
2455262.82995 17.165 0.027 5.96 2335.0
2455264.81438 17.164 0.012 4.93 523.0
2455264.86761 17.182 0.012 4.49 493.0
2455264.88488 17.179 0.012 4.45 491.0
2455265.79053 17.149 0.011 4.62 457.0
2455266.77867 17.159 0.013 5.40 437.0
2455267.82049 17.158 0.011 4.72 354.0
2455268.79175 17.142 0.012 5.31 381.0
2455269.78659 17.130 0.010 4.25 380.0
2455270.83098 17.162 0.010 3.54 333.0
2455271.78605 17.156 0.011 4.57 404.0
2455272.79290 17.165 0.012 5.46 354.0
2455273.84752 17.160 0.011 4.61 313.0
2455274.79627 17.151 0.011 4.98 375.0
2455275.78200 17.165 0.012 4.60 478.0
2455275.91321 17.155 0.014 4.64 713.0
2455276.81684 17.161 0.010 3.83 344.0
2455277.78307 17.135 0.011 4.54 355.0
2455277.91208 17.165 0.012 4.64 421.0
2455278.79310 17.148 0.012 5.24 367.0
2455279.79366 17.138 0.013 6.05 373.0
2455279.91738 17.155 0.013 3.78 1089.0
2455280.84535 17.136 0.010 3.76 372.0
2455281.78084 17.134 0.010 3.81 438.0
2455281.91750 17.151 0.013 3.64 1112.0
2455282.76133 17.154 0.012 3.89 589.0
2455282.90601 17.163 0.010 3.52 376.0
2455283.76251 17.142 0.015 5.50 595.0
2455284.76449 17.155 0.014 5.24 729.0
2455285.76013 17.148 0.015 5.34 834.0
2455285.88949 17.168 0.012 4.41 622.0
2455287.82100 17.138 0.011 3.82 609.0
2455288.75436 17.148 0.012 3.77 758.0
2455292.82453 17.165 0.017 3.78 2198.0
2455293.83250 17.138 0.011 4.20 360.0
2455294.73371 17.130 0.010 4.45 332.0
2455294.77287 17.134 0.009 3.45 314.0
2455294.80995 17.145 0.009 3.45 299.0
2455294.87767 17.144 0.009 3.00 324.0
2455294.91964 17.139 0.010 3.34 540.0
2455295.77456 17.125 0.010 4.17 287.0
2455295.81298 17.162 0.010 4.14 287.0
2455295.85088 17.155 0.009 3.50 304.0
2455295.88972 17.165 0.010 4.02 309.0
2455296.77747 17.142 0.010 4.11 312.0
2455296.81499 17.147 0.009 3.43 310.0
2455296.85240 17.154 0.009 3.10 304.0
2455296.89087 17.173 0.009 3.38 302.0
2455297.77338 17.178 0.010 3.52 336.0
2455297.81144 17.159 0.009 3.66 317.0
2455297.84931 17.161 0.009 3.16 295.0
2455297.88800 17.160 0.009 3.62 312.0
2455298.77428 17.158 0.010 4.49 348.0
2455298.81220 17.161 0.010 3.94 335.0
2455298.84997 17.165 0.010 4.09 324.0
2455298.88952 17.167 0.009 3.51 317.0
2455298.92302 17.158 0.011 3.19 619.0
2455299.75899 17.183 0.008 3.81 310.0
2455299.83442 17.166 0.007 3.84 312.0
2455299.87276 17.160 0.008 3.66 309.0
2455299.91352 17.159 0.009 3.65 363.0
2455300.86771 17.147 0.009 3.69 325.0
2455300.90848 17.149 0.010 3.88 358.0
2455301.76353 17.145 0.010 4.18 335.0
2455301.80103 17.140 0.010 4.22 336.0
2455301.83849 17.138 0.010 4.51 347.0
2455301.87720 17.146 0.010 4.12 353.0
2455301.91698 17.152 0.013 6.13 397.0
2455304.76317 17.167 0.012 5.26 433.0
2455306.69682 17.154 0.012 5.46 369.0
2455306.75956 17.171 0.010 4.63 316.0
2455306.79853 17.163 0.010 3.91 328.0
2455306.86215 17.185 0.010 4.36 336.0
2455306.90174 17.176 0.010 3.49 359.0
2455307.68653 17.165 0.011 4.79 380.0
2455307.74961 17.154 0.011 4.51 375.0
2455307.81109 17.168 0.010 3.61 380.0
2455307.84957 17.168 0.010 3.92 416.0
2455307.89046 17.153 0.010 3.49 404.0
2455307.92789 17.195 0.012 4.07 615.0
2455308.73973 17.158 0.012 5.53 369.0
2455308.80123 17.181 0.010 4.15 319.0
2455308.83870 17.151 0.010 4.20 312.0
2455308.88659 17.154 0.010 3.98 329.0
2455309.74043 17.163 0.011 4.82 359.0
2455309.81092 17.155 0.010 4.59 326.0
2455309.85465 17.142 0.010 4.64 347.0
2455309.89362 17.154 0.010 3.86 360.0
2455309.93089 17.179 0.012 3.57 889.0
2455310.72128 17.142 0.012 5.27 431.0
2455310.77757 17.156 0.012 5.44 360.0
2455310.85893 17.152 0.008 4.02 365.0
2455310.89089 17.161 0.010 4.01 349.0
2455310.92835 17.179 0.010 3.73 642.0
2455311.82142 17.153 0.011 4.87 391.0
2455311.87745 17.154 0.011 4.62 384.0
2455311.92227 17.144 0.011 4.47 459.0
2455312.74745 17.175 0.013 5.39 488.0
2455312.78983 17.158 0.012 5.13 475.0
2455312.82786 17.143 0.013 5.63 485.0
2455312.87211 17.141 0.012 4.61 567.0
2455312.91171 17.164 0.011 4.68 415.0
2455313.78387 17.177 0.016 6.42 597.0
2455313.82273 17.172 0.014 5.95 555.0
2455313.86240 17.163 0.015 5.91 637.0
2455313.90063 17.176 0.013 4.31 683.0
2455314.67151 17.154 0.017 5.61 1042.0
2455314.71197 17.172 0.016 5.64 871.0
2455314.75125 17.179 0.014 4.87 796.0
2455314.79118 17.165 0.015 5.63 728.0
2455314.84872 17.188 0.014 4.90 782.0
2455314.88615 17.157 0.013 4.23 781.0
2455314.92359 17.185 0.013 3.91 859.0
2455315.68901 17.171 0.016 5.16 981.0
2455315.73693 17.178 0.016 5.40 852.0
2455315.77447 17.172 0.015 5.15 793.0
2455315.81220 17.197 0.013 4.25 818.0
2455315.85238 17.209 0.015 4.63 898.0
2455315.89451 17.185 0.014 4.34 911.0
2455316.68015 17.155 0.017 5.73 997.0
2455316.72730 17.186 0.016 5.01 825.0
2455316.77034 17.170 0.017 5.90 801.0
2455316.80769 17.157 0.018 6.16 818.0
2455316.86456 17.194 0.018 5.50 996.0
2455319.91182 17.193 0.022 3.97 3682.0
2455320.64247 17.167 0.012 4.38 686.0
2455320.68705 17.165 0.012 4.20 610.0
2455320.73097 17.159 0.012 4.26 567.0
2455320.76818 17.149 0.012 4.83 519.0
2455320.80590 17.151 0.014 4.07 1221.0
2455320.84912 17.146 0.011 4.39 545.0
2455320.88751 17.185 0.011 3.53 636.0
2455320.92908 17.163 0.014 4.23 1024.0
2455321.71528 17.170 0.012 4.99 492.0
2455321.75273 17.154 0.012 4.89 467.0
2455321.79238 17.169 0.013 5.30 473.0
2455321.83078 17.144 0.014 6.00 488.0
2455321.87208 17.169 0.012 4.66 493.0
2455321.90947 17.154 0.012 4.85 543.0
2455322.69576 17.163 0.011 4.98 419.0
2455322.76127 17.190 0.013 4.95 1099.0
2455322.83835 17.164 0.011 4.81 531.0
2455323.66592 17.177 0.014 6.09 532.0
2455323.73217 17.146 0.013 6.17 429.0
2455323.77046 17.175 0.012 5.13 443.0
2455323.81056 17.146 0.012 5.15 478.0
2455323.85184 17.174 0.011 4.20 520.0
2455323.89043 17.203 0.012 3.93 580.0
2455323.92789 17.169 0.011 3.79 622.0
2455324.70432 17.153 0.013 5.70 410.0
2455324.74345 17.171 0.011 4.46 363.0
2455324.78085 17.160 0.012 5.08 376.0
2455324.82098 17.206 0.012 4.93 394.0
2455324.85991 17.168 0.011 4.36 442.0
2455324.89727 17.153 0.011 4.23 471.0
2455324.93783 17.183 0.016 4.10 1672.0
2455325.68754 17.150 0.011 4.66 364.0
2455325.72404 17.178 0.010 4.04 328.0
2455325.76221 17.156 0.010 4.01 310.0
2455325.79950 17.161 0.010 3.88 319.0
2455325.84775 17.182 0.011 4.27 390.0
2455325.88781 17.159 0.011 4.34 427.0
2455325.92829 17.157 0.013 4.90 550.0
2455326.63560 17.148 0.013 5.61 413.0
2455326.72205 17.178 0.011 5.08 332.0
2455326.76011 17.173 0.011 4.43 331.0
2455326.79851 17.144 0.010 3.91 337.0
2455326.83783 17.164 0.010 4.11 371.0
2455326.87648 17.169 0.011 4.10 448.0
2455326.91372 17.130 0.011 4.38 500.0
2455327.64480 17.172 0.010 3.70 329.0
2455327.74700 17.156 0.010 3.91 303.0
2455327.78548 17.167 0.011 4.21 328.0
2455327.82433 17.170 0.011 4.52 356.0
2455327.86320 17.137 0.011 3.91 420.0
2455327.90138 17.158 0.011 4.03 447.0
2455327.93912 17.183 0.018 3.86 2030.0
2455328.67215 17.141 0.010 3.61 383.0
2455328.74072 17.147 0.011 4.46 363.0
2455328.77929 17.170 0.010 4.08 371.0
2455328.81926 17.157 0.011 4.35 376.0
2455328.85785 17.157 0.011 4.20 383.0
2455328.89553 17.209 0.010 3.91 491.0
2455328.93302 17.156 0.013 4.80 802.0
2455334.61842 17.130 0.013 5.92 403.0
2455334.68455 17.151 0.017 8.35 366.0
2455334.76488 17.177 0.010 4.06 358.0
2455334.82221 17.162 0.011 4.52 342.0
2455334.86276 17.170 0.011 4.75 381.0
2455334.90329 17.186 0.013 5.43 427.0
2455334.94125 17.195 0.019 5.55 1398.0
2455335.74763 17.167 0.010 3.87 376.0
2455335.78679 17.162 0.010 4.35 365.0
2455335.82682 17.163 0.011 4.22 376.0
2455335.86466 17.178 0.011 4.13 410.0
2455335.90219 17.179 0.013 5.51 460.0
2455335.94126 17.177 0.019 5.22 1543.0
2455336.84609 17.164 0.011 4.27 406.0
2455336.91133 17.158 0.012 4.15 515.0
2455337.75771 17.166 0.010 4.30 347.0
2455337.79713 17.158 0.010 4.33 397.0
2455337.83554 17.166 0.012 5.05 451.0
2455337.87389 17.160 0.014 6.14 505.0
2455337.91253 17.176 0.014 5.47 573.0
2455338.75498 17.185 0.011 4.89 457.0
2455338.79417 17.148 0.014 6.09 471.0
2455338.83580 17.162 0.016 6.86 567.0
2455338.89539 17.125 0.017 7.32 595.0
2455339.67063 17.163 0.014 5.83 549.0
2455339.70836 17.180 0.013 4.67 569.0
2455339.80197 17.166 0.013 4.43 575.0
2455339.86775 17.194 0.014 5.32 656.0
2455339.90795 17.166 0.018 6.91 711.0
2455339.94580 17.186 0.020 5.05 1690.0
2455340.65453 17.182 0.015 5.58 658.0
2455340.69390 17.150 0.012 4.20 781.0
2455340.78121 17.143 0.013 5.09 533.0
2455340.83676 17.173 0.012 4.13 587.0
2455340.87518 17.170 0.014 5.29 644.0
2455340.91296 17.126 0.019 7.24 752.0
2455341.58699 17.158 0.015 5.32 827.0
2455341.62522 17.166 0.012 4.24 630.0
2455341.73171 17.170 0.011 3.64 506.0
2455341.80601 17.179 0.012 3.88 609.0
2455341.84420 17.152 0.012 4.09 608.0
2455341.88201 17.162 0.011 3.68 596.0
2455341.92239 17.166 0.012 4.08 605.0
2455342.59661 17.163 0.018 6.17 878.0
2455342.63395 17.132 0.018 6.74 756.0
2455342.67157 17.135 0.014 5.10 676.0
2455342.70902 17.155 0.013 4.61 631.0
2455342.74756 17.160 0.013 4.91 611.0
2455342.79172 17.156 0.015 5.31 712.0
2455342.82977 17.165 0.013 4.39 686.0
2455342.86773 17.180 0.015 5.31 775.0
2455342.90552 17.168 0.016 5.43 804.0
2455342.94339 17.139 0.022 7.00 1114.0
2455343.61482 17.182 0.017 5.47 1066.0
2455343.65250 17.136 0.015 5.15 911.0
2455343.69022 17.139 0.013 4.39 824.0
2455343.72830 17.134 0.012 4.27 746.0
2455343.76714 17.151 0.013 4.52 750.0
2455343.80713 17.163 0.013 4.29 816.0
2455343.84565 17.173 0.013 4.05 877.0
2455343.89645 17.190 0.015 4.52 989.0
2455343.93428 17.163 0.017 5.39 1119.0
2455348.66221 17.172 0.012 5.22 469.0
2455348.72743 17.215 0.014 5.64 449.0
2455348.79271 17.192 0.012 4.73 447.0
2455348.83103 17.174 0.012 4.27 496.0
2455348.87487 17.178 0.015 5.81 592.0
2455348.91518 17.150 0.013 4.89 595.0
2455349.59049 17.177 0.013 6.05 468.0
2455349.67309 17.155 0.014 5.11 758.0
2455349.74127 17.176 0.014 4.88 836.0
2455349.80624 17.175 0.012 4.10 784.0
2455349.84401 17.182 0.013 4.20 990.0
2455350.64374 17.166 0.015 7.51 363.0
2455350.68146 17.170 0.013 5.52 399.0
2455350.71996 17.164 0.015 6.85 387.0
2455351.57996 17.144 0.013 6.07 447.0
2455351.63742 17.165 0.011 4.65 345.0
2455351.71571 17.158 0.011 4.55 343.0
2455351.80032 17.169 0.013 5.19 485.0
2455351.87843 17.155 0.014 5.88 552.0
2455351.91640 17.144 0.013 5.12 730.0
2455352.64101 17.169 0.011 4.50 358.0
2455352.73195 17.166 0.010 3.77 388.0
2455352.88458 17.150 0.012 4.13 574.0
2455352.92220 17.155 0.013 4.15 698.0
2455353.61966 17.162 0.011 4.58 360.0
2455353.69976 17.171 0.010 3.74 330.0
2455353.76962 17.171 0.011 4.18 379.0
2455353.80768 17.157 0.010 3.35 416.0
2455353.85218 17.153 0.011 4.40 467.0
2455353.89646 17.204 0.013 4.97 590.0
2455354.64458 17.143 0.011 4.49 336.0
2455354.73275 17.138 0.011 4.90 340.0
2455354.82850 17.157 0.011 3.91 470.0
2455354.86886 17.192 0.013 4.50 540.0
2455354.90744 17.152 0.015 5.73 679.0
2455355.58542 17.168 0.011 4.10 441.0
2455355.66915 17.159 0.011 4.31 391.0
2455355.75734 17.167 0.011 4.20 415.0
2455355.81297 17.153 0.013 4.81 515.0
2455355.86121 17.146 0.015 6.08 599.0
2455355.89897 17.179 0.014 5.61 577.0
2455357.66794 17.178 0.011 4.92 367.0
2455357.75786 17.161 0.012 5.90 358.0
2455357.87092 17.157 0.016 7.14 470.0
2455358.63614 17.174 0.010 4.32 345.0
2455358.73111 17.176 0.011 5.44 351.0
2455358.83225 17.179 0.012 5.24 361.0
2455359.57655 17.160 0.015 5.92 629.0
2455359.62076 17.175 0.014 6.28 502.0
2455359.67390 17.151 0.012 5.09 368.0
2455359.72111 17.168 0.013 5.68 453.0
2455359.77126 17.187 0.012 4.99 437.0
2455359.81140 17.160 0.011 4.39 441.0
2455359.85711 17.179 0.014 5.46 536.0
2455359.89637 17.167 0.015 6.12 558.0
2455361.66898 17.167 0.013 6.33 360.0
2455362.58360 17.184 0.015 5.73 620.0
2455362.65108 17.142 0.011 4.24 476.0
2455362.74408 17.141 0.011 4.16 412.0
2455362.86208 17.153 0.013 5.30 520.0
2455362.90712 17.123 0.016 6.54 643.0
2455364.55285 17.159 0.012 5.52 432.0
2455364.62513 17.155 0.011 4.59 332.0
2455364.71964 17.188 0.012 5.19 367.0
2455364.78082 17.189 0.014 6.46 351.0
2455364.82026 17.174 0.013 5.97 349.0
2455364.86035 17.169 0.011 4.96 342.0
2455364.89846 17.142 0.014 6.44 382.0
2455365.57055 17.159 0.013 5.24 541.0
2455365.64537 17.186 0.011 4.56 403.0
2455365.74048 17.170 0.011 4.95 363.0
2455365.82874 17.162 0.012 5.31 413.0
2455365.86739 17.164 0.014 5.80 469.0
2455365.90473 17.156 0.016 6.51 623.0
2455368.64642 17.165 0.014 5.12 744.0
2455369.72858 17.172 0.015 5.70 659.0
2455369.77391 17.143 0.016 5.47 984.0
2455369.81188 17.153 0.014 5.25 718.0
2455376.65853 17.165 0.017 7.05 559.0
2455376.69891 17.131 0.013 5.46 543.0
2455376.73714 17.155 0.013 5.03 594.0
2455376.77595 17.147 0.013 4.73 610.0
2455376.81410 17.137 0.015 5.73 709.0
2455376.85206 17.173 0.018 5.63 1147.0
2455377.54863 17.176 0.012 4.80 422.0
2455377.59134 17.126 0.014 6.17 427.0
2455377.62954 17.160 0.012 5.15 406.0
2455377.70322 17.149 0.011 4.56 406.0
2455377.74667 17.178 0.013 5.10 463.0
2455377.78939 17.148 0.012 4.79 529.0
2455377.82710 17.160 0.014 5.46 567.0
2455377.86528 17.128 0.014 5.67 728.0
2455378.54904 17.170 0.011 4.58 374.0
2455378.63370 17.175 0.011 4.24 338.0
2455378.72268 17.171 0.010 4.16 391.0
2455378.76098 17.147 0.010 3.76 411.0
2455378.79951 17.165 0.011 5.16 427.0
2455378.83939 17.154 0.013 6.36 545.0
2455378.87711 17.173 0.015 7.30 658.0
2455379.51614 17.156 0.012 5.10 341.0
2455379.58578 17.153 0.011 5.22 267.0
2455379.67183 17.140 0.012 5.31 350.0
2455379.74434 17.149 0.011 4.60 384.0
2455379.78200 17.154 0.011 4.78 448.0
2455379.81992 17.178 0.013 6.09 516.0
2455379.86049 17.134 0.016 8.06 639.0
2455380.52762 17.157 0.011 4.87 321.0
2455380.56812 17.144 0.010 4.70 280.0
2455380.65217 17.165 0.010 5.34 260.0
2455380.72337 17.152 0.010 4.08 319.0
2455380.76161 17.155 0.011 4.70 350.0
2455380.79947 17.181 0.013 5.80 400.0
2455380.83740 17.171 0.016 7.29 488.0
2455381.53714 17.168 0.013 5.58 463.0
2455381.57471 17.179 0.015 6.90 394.0
2455381.61486 17.165 0.015 7.13 359.0
2455381.67421 17.151 0.012 6.11 308.0
2455381.71252 17.194 0.014 6.42 388.0
2455381.75066 17.170 0.017 7.68 449.0
2455381.79758 17.149 0.014 6.00 483.0
2455381.83571 17.148 0.015 6.63 526.0
2455382.52592 17.172 0.014 6.24 510.0
2455382.56350 17.138 0.016 7.95 378.0
2455382.61292 17.156 0.012 5.78 382.0
2455382.65083 17.175 0.011 5.05 373.0
2455382.69261 17.177 0.012 5.74 346.0
2455382.73245 17.163 0.014 6.85 366.0
2455382.77025 17.165 0.018 8.39 405.0
2455382.82095 17.153 0.016 7.26 476.0
2455383.77655 17.164 0.014 7.01 306.0
2455384.80008 17.164 0.016 6.57 616.0
2455385.47067 17.152 0.015 5.78 755.0
2455385.50989 17.164 0.011 4.06 507.0
2455385.81041 17.159 0.010 4.04 317.0
2455385.84797 17.172 0.011 5.10 371.0
2455386.47831 17.161 0.011 3.93 721.0
2455386.56051 17.169 0.010 3.70 557.0
2455386.60757 17.174 0.010 4.25 286.0
2455386.64396 17.167 0.010 4.50 426.0
2455386.74341 17.143 0.010 4.06 322.0
2455386.78168 17.161 0.010 3.87 329.0
2455386.82469 17.163 0.011 5.08 359.0
2455387.50393 17.170 0.010 3.51 376.0
2455387.61293 17.181 0.009 3.37 222.0
2455387.64770 17.167 0.008 2.98 250.0
2455387.68716 17.152 0.009 4.11 279.0
2455387.72579 17.184 0.009 3.73 274.0
2455387.76655 17.191 0.010 4.62 291.0
2455387.80776 17.175 0.011 5.97 359.0
2455388.46773 17.162 0.015 5.65 629.0
2455388.50533 17.173 0.011 4.88 340.0
2455388.56524 17.181 0.011 5.28 280.0
2455388.67765 17.172 0.010 4.82 227.0
2455388.76433 17.188 0.011 5.39 242.0
2455388.80758 17.161 0.012 5.87 302.0
2455388.84645 17.197 0.014 7.69 374.0
2455389.49504 17.162 0.012 5.49 353.0
2455389.53318 17.165 0.012 5.45 309.0
2455389.61851 17.190 0.010 4.76 235.0
2455389.72375 17.169 0.011 5.41 265.0
2455389.78412 17.188 0.013 6.17 327.0
2455389.82465 17.186 0.012 5.31 377.0
2455390.46950 17.176 0.016 6.81 482.0
2455390.52432 17.178 0.016 7.95 322.0
2455390.56635 17.155 0.012 5.62 294.0
2455390.65192 17.206 0.012 5.66 291.0
2455390.69816 17.193 0.011 5.26 268.0
2455390.74762 17.184 0.010 4.49 259.0
2455390.78557 17.195 0.011 5.21 245.0
2455390.82325 17.185 0.012 5.91 259.0
2455391.51830 17.165 0.013 6.55 374.0
2455391.55708 17.173 0.015 7.70 296.0
2455391.61665 17.193 0.010 4.63 250.0
2455391.72592 17.162 0.011 4.96 333.0
2455391.80920 17.186 0.012 4.69 427.0
2455391.84666 17.150 0.014 6.08 585.0
2455392.49444 17.184 0.013 5.80 365.0
2455392.53316 17.168 0.012 5.92 322.0
2455392.59460 17.180 0.010 4.58 296.0
2455392.70472 17.189 0.011 4.88 282.0
2455392.78668 17.176 0.010 4.59 300.0
2455392.82431 17.182 0.012 5.71 367.0
2455393.63967 17.153 0.012 6.03 275.0
2455393.67939 17.173 0.012 5.71 260.0
2455393.71757 17.159 0.013 6.50 281.0
2455393.76293 17.208 0.015 7.23 325.0
2455393.80104 17.164 0.014 6.88 359.0
2455395.80807 17.155 0.013 5.76 404.0
2455396.52509 17.197 0.016 6.81 457.0
2455396.59938 17.127 0.012 5.60 389.0
2455396.66249 17.171 0.012 5.31 359.0
2455396.76953 17.149 0.010 4.78 323.0
2455396.80769 17.148 0.014 7.02 346.0
2455397.61759 17.158 0.015 6.96 385.0
2455397.66292 17.189 0.013 5.89 346.0
2455397.70073 17.168 0.014 6.38 386.0
2455402.61969 17.116 0.030 7.09 2252.0
2455402.67286 17.141 0.016 5.77 846.0
2455403.48232 17.160 0.011 3.90 778.0
2455403.51993 17.138 0.011 3.82 762.0
2455403.55707 17.167 0.012 3.99 743.0
2455403.59579 17.173 0.013 3.99 970.0
2455403.63664 17.143 0.012 3.87 719.0
2455403.67492 17.164 0.012 3.94 767.0
2455403.71578 17.174 0.013 4.27 835.0
2455403.75368 17.160 0.014 4.45 950.0
2455403.79151 17.187 0.016 4.97 1119.0
2455404.49543 17.160 0.012 4.80 531.0
2455404.53323 17.151 0.012 4.51 504.0
2455404.57095 17.143 0.012 4.22 517.0
2455404.61112 17.147 0.013 5.08 498.0
2455404.65290 17.143 0.011 4.38 471.0
2455404.69277 17.186 0.013 4.73 537.0
2455404.73219 17.154 0.014 5.30 595.0
2455404.77597 17.164 0.014 5.67 709.0
2455405.63079 17.140 0.015 6.69 403.0
2455405.67035 17.162 0.013 5.27 393.0
2455405.70844 17.185 0.013 4.61 521.0
2455405.74592 17.168 0.013 4.93 492.0
2455405.78351 17.177 0.012 4.67 543.0
2455407.48529 17.170 0.013 6.11 280.0
2455407.52317 17.209 0.013 6.44 272.0
2455407.56145 17.180 0.012 6.13 256.0
2455407.60051 17.184 0.015 7.20 306.0
2455407.64009 17.149 0.014 6.81 337.0
2455407.67813 17.156 0.013 5.91 355.0
2455407.71732 17.183 0.013 5.38 417.0
2455407.75527 17.181 0.013 4.99 476.0
2455408.51417 17.180 0.016 7.40 369.0
2455408.56585 17.176 0.015 7.28 322.0
2455408.60618 17.166 0.012 5.26 337.0
2455408.64456 17.193 0.012 5.37 380.0
2455408.68328 17.181 0.014 6.11 387.0
2455408.72117 17.165 0.014 6.48 396.0
2455408.75888 17.192 0.014 5.74 547.0
2455409.46896 17.182 0.016 6.00 733.0
2455409.50675 17.189 0.012 5.97 293.0
2455409.59348 17.183 0.010 4.38 272.0
2455409.69993 17.196 0.011 4.71 347.0
2455409.76108 17.190 0.014 6.03 430.0
2455410.46984 17.192 0.015 5.08 758.0
2455410.51145 17.158 0.011 5.04 347.0
2455410.59656 17.182 0.010 4.83 265.0
2455410.70344 17.190 0.012 5.35 329.0
2455410.76535 17.176 0.011 4.81 445.0
2455411.48767 17.164 0.010 4.60 300.0
2455411.52559 17.177 0.010 4.31 272.0
2455411.63244 17.177 0.010 4.35 280.0
2455411.74032 17.181 0.011 4.87 380.0
2455411.77808 17.192 0.014 6.07 477.0
2455412.53990 17.157 0.012 5.62 372.0
2455412.57980 17.175 0.013 5.68 398.0
2455412.61856 17.184 0.012 5.67 356.0
2455412.65633 17.171 0.014 6.43 368.0
2455412.70072 17.179 0.014 6.74 367.0
2455413.48009 17.174 0.015 6.76 442.0
2455413.51947 17.180 0.010 4.46 365.0
2455413.62630 17.159 0.010 4.43 245.0
2455413.73377 17.155 0.010 5.48 293.0
2455413.77154 17.177 0.015 7.47 320.0
2455414.49975 17.157 0.010 4.41 274.0
2455414.56100 17.171 0.009 4.36 266.0
2455414.67097 17.174 0.009 3.99 287.0
2455414.75812 17.173 0.010 5.85 382.0
2455416.61677 17.175 0.013 6.62 283.0
2455416.67350 17.152 0.011 5.50 280.0
2455418.53577 17.179 0.010 4.38 256.0
2455418.58231 17.175 0.010 4.76 262.0
2455418.63248 17.175 0.009 4.68 244.0
2455418.68402 17.160 0.012 6.22 276.0
2455421.49127 17.156 0.011 5.30 320.0
2455421.53534 17.146 0.011 5.01 309.0
2455421.59495 17.159 0.011 5.26 289.0
2455421.64113 17.132 0.010 5.20 260.0
2455421.68343 17.143 0.013 6.93 247.0
2455421.72782 17.159 0.011 5.70 280.0
2455422.51714 17.171 0.011 4.99 346.0
2455422.56319 17.156 0.011 5.15 335.0
2455422.71719 17.147 0.010 4.57 285.0
2455423.50111 17.145 0.010 4.80 296.0
2455423.54343 17.151 0.009 3.75 274.0
2455423.67714 17.143 0.013 6.45 323.0
2455425.50856 17.158 0.011 5.13 364.0
2455425.55026 17.170 0.010 4.56 345.0
2455426.51650 17.140 0.019 4.06 2705.0
2455426.59550 17.213 0.023 3.80 3939.0
2455426.73601 17.199 0.026 4.68 3691.0
2455430.50206 17.193 0.015 5.98 656.0
2455430.54852 17.159 0.014 5.38 596.0
2455430.58679 17.149 0.013 4.95 574.0
2455430.62576 17.164 0.013 4.90 611.0
2455430.66689 17.176 0.017 7.23 686.0
2455431.50323 17.163 0.012 4.63 628.0
2455431.54376 17.163 0.012 5.02 494.0
2455431.58179 17.167 0.012 4.56 517.0
2455431.62318 17.171 0.014 5.87 536.0
2455431.66081 17.158 0.015 6.68 604.0
2455432.52772 17.167 0.021 7.05 1014.0
2455432.64023 17.149 0.015 6.27 605.0
2455433.53811 17.154 0.015 6.67 529.0
2455433.66352 17.191 0.015 5.73 668.0
2455434.48922 17.175 0.014 6.07 406.0
2455434.53429 17.158 0.013 5.46 420.0
2455434.57867 17.189 0.013 5.16 441.0
2455434.62102 17.179 0.012 4.66 481.0
2455434.66576 17.162 0.013 5.33 549.0
2455434.70583 17.160 0.014 5.53 650.0
2455435.50528 17.177 0.013 6.19 367.0
2455435.54809 17.149 0.011 4.29 420.0
2455435.61801 17.176 0.011 4.14 421.0
2455435.67147 17.158 0.011 4.09 451.0
2455435.71042 17.157 0.013 4.92 557.0
2455436.50374 17.174 0.012 6.17 333.0
2455436.64769 17.160 0.012 4.30 436.0
2455437.48634 17.162 0.010 4.00 348.0
2455437.58326 17.185 0.010 4.09 330.0
2455438.49893 17.162 0.013 5.71 413.0
2455438.53838 17.161 0.012 5.55 351.0
2455438.63982 17.168 0.011 3.49 415.0
2455438.67785 17.176 0.011 4.68 398.0
2455439.49128 17.148 0.014 6.17 369.0
2455439.55632 17.135 0.013 6.16 355.0
2455439.59369 17.171 0.013 5.43 343.0
2455439.63171 17.169 0.013 6.38 334.0
2455439.67750 17.153 0.014 6.18 417.0
2455443.52400 17.173 0.012 5.87 328.0
2455443.57011 17.147 0.013 6.28 350.0
2455443.60793 17.167 0.012 5.97 357.0
2455443.65046 17.163 0.012 5.71 354.0
2455444.48256 17.150 0.013 6.30 397.0
2455444.53326 17.172 0.013 6.96 290.0
2455444.58987 17.174 0.011 5.01 296.0
2455444.63189 17.175 0.012 5.43 374.0
2455444.67000 17.155 0.012 5.83 394.0
2455445.53578 17.169 0.012 5.34 356.0
2455445.63973 17.138 0.010 4.60 331.0
2455445.67877 17.142 0.011 4.91 361.0
2455446.51423 17.170 0.011 4.44 344.0
2455446.56003 17.165 0.011 5.10 357.0
2455446.59988 17.153 0.011 4.92 341.0
2455446.63901 17.161 0.011 5.24 326.0
2455447.48634 17.170 0.011 4.97 364.0
2455447.52984 17.162 0.010 4.43 337.0
2455447.56904 17.179 0.012 5.78 323.0
2455447.63446 17.168 0.012 6.09 309.0
2455448.50711 17.152 0.011 4.45 337.0
2455448.54581 17.148 0.012 5.75 346.0
2455448.56056 17.145 0.011 4.68 358.0
2455448.66177 17.181 0.013 7.10 334.0
2455449.50187 17.179 0.014 6.54 348.0
2455449.61606 17.172 0.012 5.18 395.0
2455450.50481 17.172 0.012 5.55 359.0
2455450.54242 17.169 0.014 6.59 357.0
2455450.58573 17.190 0.012 5.22 348.0
2455450.63065 17.151 0.013 6.40 397.0
2455451.54791 17.185 0.013 5.90 444.0
2455451.66117 17.181 0.011 4.92 403.0
2455453.54007 17.189 0.016 6.03 649.0
2455453.65727 17.197 0.012 5.17 494.0
2455457.47328 17.201 0.019 4.00 2827.0
2455457.54105 17.181 0.010 4.31 480.0
2455457.58859 17.183 0.012 4.96 762.0
2455458.47478 17.170 0.022 4.43 2435.0
2455458.52356 17.143 0.016 6.71 552.0
2455458.57380 17.193 0.014 6.23 543.0
2455459.49042 17.155 0.012 5.02 503.0
2455459.53685 17.142 0.012 5.04 505.0
2455459.58899 17.169 0.012 5.33 563.0
2455460.48028 17.147 0.019 6.79 806.0
2455460.52638 17.146 0.014 6.37 467.0
2455460.57543 17.099 0.017 5.68 1386.0
2455461.53615 17.109 0.018 5.13 1637.0
2455461.57851 17.176 0.023 5.93 1892.0
2455461.62165 17.147 0.020 5.52 1676.0
2455462.52930 17.146 0.011 4.14 507.0
2455462.60665 17.149 0.013 5.09 630.0
2455463.50070 17.171 0.012 4.68 503.0
2455463.54275 17.132 0.011 4.62 522.0
2455464.49099 17.148 0.012 5.27 398.0
2455464.53278 17.154 0.012 4.69 472.0
2455465.48411 17.144 0.015 6.64 548.0
2455466.54073 17.129 0.015 7.34 408.0
2455468.53590 17.149 0.013 5.97 401.0
2455469.55190 17.167 0.011 4.29 407.0
2455470.59049 17.167 0.012 4.61 453.0
2455471.57456 17.166 0.012 5.18 379.0
2455472.53071 17.152 0.014 6.41 433.0
2455473.48976 17.155 0.016 7.44 438.0
2455473.58302 17.144 0.012 6.00 416.0
2455477.52107 17.144 0.014 6.59 455.0
2455478.54425 17.152 0.013 6.10 412.0
2455480.48722 17.170 0.019 6.31 842.0
2455480.55625 17.154 0.014 6.03 512.0
2455481.52695 17.140 0.019 6.88 824.0
2455485.49798 17.173 0.019 7.32 600.0
2455486.49533 17.169 0.018 6.68 675.0
2455486.55726 17.184 0.018 7.21 729.0
2455487.54174 17.158 0.013 5.25 624.0
2455488.52890 17.179 0.014 5.28 698.0
2455489.51528 17.163 0.015 6.23 610.0
2455490.51544 17.175 0.019 7.20 704.0
2455492.50065 17.194 0.020 6.85 849.0
2455494.52553 17.165 0.018 6.41 760.0
2455495.52928 17.181 0.014 6.08 534.0
2455497.52854 17.168 0.014 5.67 638.0
2455499.53086 17.152 0.017 6.72 663.0
2455507.50520 17.145 0.026 7.68 1255.0
2455596.87523 17.170 0.013 5.42 615.0
2455597.88165 17.194 0.019 6.67 1045.0
2455598.86375 17.207 0.012 5.52 412.0
2455599.87722 17.213 0.011 5.92 365.0
2455600.87006 17.173 0.011 4.63 456.0
2455602.86448 17.192 0.014 6.79 420.0
2455604.87269 17.193 0.013 5.86 425.0
2455605.87076 17.161 0.010 4.40 388.0
2455606.86851 17.170 0.011 5.11 386.0
2455607.87282 17.157 0.010 4.98 406.0
2455608.86771 17.180 0.013 6.82 358.0
2455610.89296 17.163 0.013 4.79 850.0
2455612.86736 17.214 0.014 6.02 546.0
2455614.85282 17.168 0.012 5.50 552.0
2455615.86110 17.187 0.011 4.60 482.0
2455616.85383 17.133 0.013 6.16 509.0
2455617.88981 17.208 0.026 6.31 2052.0
2455620.84220 17.174 0.011 5.42 385.0
2455621.84502 17.191 0.010 4.57 354.0
2455622.87928 17.220 0.009 4.05 294.0
2455624.83769 17.192 0.010 4.68 343.0
2455625.81687 17.214 0.013 5.94 372.0
2455626.81212 17.222 0.017 8.09 570.0
2455627.84112 17.179 0.011 5.17 316.0
2455628.85186 17.169 0.010 4.83 313.0
2455629.82005 17.180 0.011 5.04 307.0
2455630.79746 17.176 0.011 5.59 355.0
2455631.82351 17.187 0.015 7.15 565.0
2455632.83251 17.199 0.011 4.80 373.0
2455633.78974 17.165 0.010 4.59 376.0
2455634.84460 17.184 0.011 5.33 328.0
2455635.85292 17.165 0.012 5.73 446.0
2455637.81281 17.152 0.013 5.90 560.0
2455638.79195 17.136 0.013 5.79 554.0
2455639.77992 17.181 0.013 5.11 613.0
2455639.85565 17.161 0.010 3.75 459.0
2455640.78760 17.155 0.014 5.52 650.0
2455640.82592 17.168 0.012 4.35 565.0
2455640.87361 17.177 0.011 4.32 509.0
2455640.91448 17.172 0.016 5.53 1143.0
2455641.78041 17.166 0.011 4.11 606.0
2455641.82280 17.196 0.011 4.36 523.0
2455641.86099 17.148 0.011 4.82 493.0
2455641.90569 17.171 0.013 6.52 502.0
2455642.78273 17.174 0.013 4.87 638.0
2455642.84177 17.213 0.011 4.25 557.0
2455642.90161 17.151 0.013 6.66 520.0
2455643.75725 17.208 0.014 5.27 718.0
2455643.79548 17.184 0.013 5.18 617.0
2455643.85532 17.182 0.011 4.30 572.0
2455643.89618 17.193 0.010 4.34 506.0
2455644.76119 17.156 0.021 6.36 1445.0
2455644.80181 17.222 0.014 4.46 890.0
2455644.87617 17.195 0.015 4.29 1411.0
2455647.80193 17.160 0.015 4.79 1166.0
2455647.84581 17.182 0.013 4.23 1039.0
2455647.87303 17.177 0.014 4.55 1013.0
2455647.88902 17.195 0.015 5.11 999.0
2455647.90739 17.180 0.016 6.34 970.0
2455648.74699 17.189 0.013 6.62 344.0
2455648.80952 17.186 0.010 4.68 332.0
2455648.85353 17.176 0.009 4.09 317.0
2455648.89677 17.199 0.011 6.00 311.0
2455649.75280 17.180 0.011 5.89 278.0
2455649.79198 17.185 0.010 4.72 278.0
2455649.85944 17.195 0.010 5.31 274.0
2455649.89793 17.186 0.010 5.18 278.0
2455650.74317 17.165 0.010 5.51 305.0
2455650.78388 17.178 0.009 4.30 267.0
2455650.84624 17.192 0.009 4.64 287.0
2455650.89041 17.172 0.011 6.75 293.0
2455651.76553 17.161 0.010 4.39 302.0
2455651.80817 17.176 0.010 4.54 297.0
2455651.87882 17.185 0.011 5.30 311.0
2455652.74560 17.177 0.010 5.04 295.0
2455652.80704 17.166 0.009 4.62 268.0
2455652.84936 17.203 0.009 4.26 276.0
2455653.77402 17.186 0.009 4.09 315.0
2455653.90312 17.187 0.009 3.55 292.0
2455654.77590 17.199 0.010 4.38 325.0
2455654.82565 17.190 0.010 4.81 286.0
2455654.86720 17.214 0.010 4.89 288.0
2455654.92023 17.179 0.013 5.99 718.0
2455655.76699 17.190 0.011 4.71 368.0
2455655.80502 17.192 0.010 4.09 341.0
2455655.84316 17.215 0.009 4.07 323.0
2455655.89016 17.208 0.010 5.19 298.0
2455656.78503 17.190 0.010 4.59 362.0
2455656.82865 17.194 0.009 3.65 334.0
2455656.87301 17.199 0.009 4.77 312.0
2455657.77632 17.168 0.009 3.42 334.0
2455657.81502 17.165 0.009 4.04 328.0
2455657.86043 17.180 0.009 4.43 316.0
2455657.90507 17.195 0.009 4.20 296.0
2455658.77056 17.174 0.011 5.87 423.0
2455658.81137 17.154 0.011 5.98 290.0
2455658.86829 17.174 0.010 4.81 277.0
2455658.90978 17.170 0.012 6.16 275.0
2455659.72511 17.188 0.011 4.98 352.0
2455659.76265 17.174 0.010 4.72 307.0
2455659.80197 17.192 0.010 4.99 312.0
2455659.84092 17.182 0.011 6.01 297.0
2455659.89070 17.196 0.009 4.54 290.0
2455660.72419 17.135 0.011 5.85 356.0
2455660.77156 17.201 0.010 5.58 292.0
2455660.81490 17.174 0.010 5.12 296.0
2455660.87047 17.220 0.011 5.95 277.0
2455662.72327 17.163 0.014 7.01 362.0
2455662.76364 17.210 0.012 6.29 334.0
2455662.82537 17.187 0.011 5.08 390.0
2455662.86354 17.198 0.010 4.80 384.0
2455662.90552 17.211 0.011 4.62 385.0
2455663.76622 17.183 0.009 5.56 357.0
2455664.76844 17.184 0.013 6.88 411.0
2455664.80949 17.198 0.011 5.31 341.0
2455664.86990 17.192 0.013 6.13 367.0
2455664.91356 17.184 0.011 4.84 338.0
2455665.73756 17.179 0.011 5.33 378.0
2455665.78337 17.194 0.010 4.94 317.0
2455665.84764 17.197 0.010 5.32 295.0
2455665.89526 17.195 0.009 3.96 309.0
2455667.71946 17.138 0.010 4.51 464.0
2455667.77206 17.193 0.011 4.98 419.0
2455667.82452 17.200 0.010 4.61 386.0
2455667.87722 17.164 0.008 3.58 343.0
2455667.92283 17.188 0.009 3.74 367.0
2455668.76099 17.178 0.014 5.65 571.0
2455668.82847 17.151 0.015 4.88 1142.0
2455668.88558 17.225 0.017 4.53 1646.0
2455668.92469 17.178 0.013 4.27 782.0
2455669.77430 17.180 0.012 4.63 627.0
2455669.81307 17.170 0.011 4.41 590.0
2455669.87476 17.179 0.011 4.14 567.0
2455669.91810 17.188 0.013 4.24 695.0
2455670.74884 17.154 0.013 5.28 700.0
2455670.80108 17.164 0.012 4.59 653.0
2455670.85325 17.169 0.013 5.06 673.0
2455670.89465 17.191 0.012 4.21 712.0
2455671.73024 17.185 0.012 4.30 756.0
2455671.77068 17.168 0.011 4.32 651.0
2455675.73277 17.171 0.011 4.28 516.0
2455675.77113 17.167 0.011 4.54 550.0
2455675.81047 17.181 0.012 4.83 587.0
2455675.86983 17.141 0.010 3.62 420.0
2455675.92277 17.157 0.012 5.46 499.0
2455676.69772 17.159 0.006 4.07 157.0
2455676.73690 17.194 0.008 4.65 214.0
2455676.77577 17.148 0.009 4.97 287.0
2455676.82079 17.182 0.010 4.87 341.0
2455676.87665 17.187 0.009 3.52 336.0
2455676.92608 17.179 0.010 4.42 447.0
2455677.73186 17.154 0.010 4.80 328.0
2455677.77545 17.176 0.009 4.04 357.0
2455677.82584 17.173 0.010 5.02 334.0
2455677.87782 17.162 0.010 4.21 345.0
2455677.91771 17.164 0.009 3.72 362.0
2455679.69572 17.156 0.010 4.73 361.0
2455679.73762 17.158 0.010 3.96 356.0
2455679.78957 17.190 0.011 4.95 339.0
2455679.84063 17.139 0.010 4.34 372.0
2455679.88199 17.149 0.010 4.19 363.0
2455679.92019 17.164 0.010 4.38 379.0
2455680.68324 17.162 0.012 5.39 352.0
2455680.72164 17.178 0.013 6.61 319.0
2455680.77031 17.167 0.011 5.00 330.0
2455680.82354 17.179 0.011 5.36 334.0
2455680.86651 17.175 0.010 4.45 325.0
2455680.90732 17.179 0.010 4.41 337.0
2455681.67362 17.167 0.012 5.85 403.0
2455681.71183 17.185 0.010 4.70 362.0
2455681.75113 17.187 0.010 4.75 334.0
2455681.80201 17.198 0.010 4.81 337.0
2455681.85709 17.210 0.013 5.70 391.0
2455681.89877 17.149 0.011 4.68 414.0
2455682.66100 17.136 0.012 5.35 496.0
2455682.70179 17.142 0.012 5.73 464.0
2455682.74908 17.186 0.010 4.40 364.0
2455682.79162 17.154 0.010 4.48 382.0
2455682.88166 17.192 0.010 3.90 419.0
2455682.92134 17.158 0.011 5.25 433.0
2455683.68239 17.186 0.010 4.58 401.0
2455683.73256 17.192 0.010 4.64 346.0
2455683.80239 17.155 0.010 4.33 368.0
2455683.86020 17.174 0.010 4.76 425.0
2455683.90239 17.197 0.010 3.82 430.0
2455684.65260 17.170 0.010 4.49 426.0
2455684.70558 17.196 0.010 4.35 355.0
2455684.76473 17.207 0.011 4.92 341.0
2455684.81717 17.177 0.010 4.31 344.0
2455684.87658 17.203 0.011 4.32 357.0
2455684.91681 17.214 0.011 4.68 365.0
2455685.74328 17.194 0.010 4.45 327.0
2455685.79185 17.206 0.009 3.79 321.0
2455685.84406 17.171 0.009 3.60 327.0
2455685.88765 17.193 0.009 4.08 333.0
2455685.92869 17.185 0.012 5.65 482.0
2455686.69253 17.176 0.010 5.30 377.0
2455686.74127 17.180 0.010 4.80 365.0
2455686.79863 17.213 0.010 4.06 373.0
2455686.84596 17.215 0.012 5.71 382.0
2455686.88790 17.173 0.012 5.96 376.0
2455686.92765 17.186 0.012 5.38 450.0
2455687.68435 17.170 0.012 5.91 495.0
2455687.72767 17.200 0.011 5.28 365.0
2455687.77846 17.201 0.010 5.05 357.0
2455687.83133 17.231 0.009 4.47 367.0
2455688.84455 17.201 0.010 4.25 326.0
2455688.91258 17.176 0.014 5.37 757.0
2455689.67548 17.142 0.009 4.93 365.0
2455689.74007 17.165 0.010 5.07 309.0
2455689.78852 17.167 0.009 4.10 298.0
2455690.62707 17.120 0.009 5.30 431.0
2455690.66618 17.160 0.010 5.39 330.0
2455690.71715 17.170 0.010 5.01 302.0
2455690.77950 17.154 0.011 5.52 328.0
2455690.81934 17.142 0.010 5.15 384.0
2455690.88225 17.171 0.012 6.34 497.0
2455691.62350 17.144 0.014 6.69 688.0
2455691.68831 17.161 0.011 5.57 362.0
2455691.74634 17.153 0.010 5.30 339.0
2455691.79057 17.173 0.012 5.97 357.0
2455691.83994 17.140 0.010 4.79 370.0
2455691.87869 17.194 0.011 5.49 387.0
2455692.63179 17.151 0.016 7.62 615.0
2455692.68335 17.159 0.011 5.05 435.0
2455692.74265 17.176 0.010 5.17 378.0
2455692.78041 17.173 0.011 5.26 410.0
2455692.82092 17.163 0.011 4.96 477.0
2455692.85898 17.166 0.010 4.22 500.0
2455692.89736 17.153 0.011 4.62 553.0
2455692.93715 17.153 0.016 6.55 725.0
2455692.93900 17.153 0.016 6.46 999.0
2455693.64780 17.169 0.012 5.63 472.0
2455693.70727 17.165 0.010 4.51 405.0
2455693.76644 17.205 0.009 3.77 374.0
2455693.80428 17.181 0.009 3.61 416.0
2455693.84298 17.175 0.010 4.07 478.0
2455693.88087 17.165 0.011 4.77 534.0
2455693.92273 17.182 0.012 6.06 610.0
2455694.62541 17.206 0.013 5.11 583.0
2455694.65985 17.150 0.011 4.63 516.0
2455694.71260 17.165 0.011 5.05 463.0
2455694.76701 17.179 0.011 4.69 466.0
2455694.81310 17.187 0.010 4.03 437.0
2455694.85103 17.195 0.010 4.26 383.0
2455694.88860 17.193 0.012 5.60 464.0
2455694.92605 17.185 0.013 6.33 491.0
2455695.62970 17.162 0.014 6.66 487.0
2455695.68239 17.200 0.014 5.69 682.0
2455695.76480 17.186 0.011 5.49 402.0
2455695.81395 17.191 0.010 3.93 486.0
2455695.85290 17.186 0.009 3.94 339.0
2455695.89064 17.181 0.010 4.78 340.0
2455695.92825 17.189 0.011 6.34 372.0
2455696.61868 17.194 0.014 5.01 690.0
2455696.65983 17.208 0.013 5.09 595.0
2455696.71663 17.220 0.012 4.61 478.0
2455696.75597 17.180 0.011 5.03 438.0
2455696.79780 17.197 0.011 4.04 490.0
2455696.84080 17.184 0.011 3.92 518.0
2455696.88269 17.193 0.012 5.39 463.0
2455697.62797 17.165 0.012 4.21 735.0
2455697.67537 17.184 0.012 5.25 612.0
2455697.72297 17.176 0.012 4.81 587.0
2455697.76189 17.196 0.012 4.70 585.0
2455697.80530 17.211 0.012 4.16 662.0
2455697.84293 17.217 0.011 3.78 640.0
2455697.88757 17.195 0.012 4.79 632.0
2455697.92831 17.214 0.013 6.39 601.0
2455698.62064 17.169 0.017 5.21 1322.0
2455698.66843 17.165 0.016 5.47 1034.0
2455698.70884 17.135 0.016 5.86 957.0
2455698.74874 17.186 0.015 5.25 901.0
2455698.78879 17.171 0.015 6.20 880.0
2455698.82992 17.205 0.013 4.24 965.0
2455698.86779 17.210 0.014 4.86 1001.0
2455698.90935 17.180 0.018 6.45 1118.0
2455702.66225 17.179 0.027 6.77 2706.0
2455702.75072 17.173 0.022 6.07 2048.0
2455702.78142 17.235 0.025 6.12 1988.0
2455702.91486 17.185 0.025 6.64 2240.0
2455703.74436 17.166 0.014 6.99 508.0
2455703.81528 17.176 0.017 8.08 587.0
2455703.86493 17.198 0.018 7.82 665.0
2455705.73722 17.175 0.013 6.36 370.0
2455705.78006 17.164 0.012 5.91 366.0
2455705.83153 17.158 0.012 5.97 368.0
2455705.88530 17.157 0.016 7.90 476.0
2455705.93443 17.115 0.016 8.02 642.0
2455706.71345 17.192 0.013 6.80 355.0
2455706.76912 17.186 0.012 6.29 324.0
2455706.84134 17.161 0.014 6.70 467.0
2455707.57676 17.175 0.012 5.84 511.0
2455707.61422 17.183 0.012 6.15 375.0
2455707.66127 17.199 0.011 5.73 339.0
2455707.70902 17.189 0.011 5.47 354.0
2455707.74752 17.182 0.011 5.17 378.0
2455707.78828 17.181 0.010 4.16 421.0
2455707.82802 17.169 0.011 4.50 491.0
2455707.86779 17.173 0.012 5.31 463.0
2455707.90814 17.192 0.014 6.75 530.0
2455708.57343 17.161 0.013 6.41 629.0
2455708.62309 17.142 0.015 7.61 443.0
2455708.67922 17.195 0.012 6.18 318.0
2455708.72848 17.149 0.010 5.12 309.0
2455708.76947 17.203 0.011 5.59 394.0
2455708.81815 17.175 0.012 5.82 385.0
2455708.86346 17.192 0.014 7.04 429.0
2455708.92206 17.161 0.018 8.65 741.0
2455709.59753 17.148 0.010 5.66 337.0
2455709.65262 17.154 0.009 5.02 325.0
2455709.83600 17.209 0.010 5.13 398.0
2455712.57106 17.181 0.017 7.46 805.0
2455712.63389 17.183 0.011 5.20 431.0
2455712.64641 17.186 0.012 5.61 409.0
2455712.70745 17.198 0.010 4.69 389.0
2455712.74826 17.169 0.010 4.48 378.0
2455712.78997 17.213 0.010 4.33 401.0
2455712.82903 17.213 0.010 4.82 378.0
2455712.87645 17.168 0.012 6.73 440.0
2455713.75680 17.184 0.010 4.61 347.0
2455713.79293 17.232 0.010 4.88 363.0
2455713.80540 17.194 0.009 4.39 370.0
2455713.84378 17.182 0.010 5.47 361.0
2455714.57976 17.198 0.013 6.21 545.0
2455714.65364 17.179 0.010 5.77 281.0
2455714.66660 17.234 0.008 4.99 285.0
2455714.86817 17.175 0.015 7.91 389.0
2455715.65422 17.194 0.010 4.73 327.0
2455715.69887 17.185 0.009 4.68 279.0
2455715.74387 17.212 0.009 4.35 298.0
2455715.79047 17.212 0.010 4.67 295.0
2455715.83303 17.211 0.011 5.89 338.0
2455715.88820 17.165 0.012 6.31 374.0
2455716.57748 17.160 0.012 6.22 398.0
2455716.66363 17.195 0.011 5.47 293.0
2455716.67638 17.199 0.012 6.30 288.0
2455716.72911 17.199 0.010 5.07 276.0
2455716.77256 17.187 0.011 5.65 283.0
2455716.81242 17.204 0.011 5.35 280.0
2455716.85198 17.188 0.014 7.09 397.0
2455716.89139 17.200 0.013 6.34 378.0
2455721.59403 17.216 0.012 4.63 529.0
2455721.60651 17.217 0.012 5.20 460.0
2455721.61894 17.185 0.011 5.25 441.0
2455721.67129 17.206 0.011 4.90 451.0
2455721.68386 17.211 0.011 5.02 402.0
2455721.69638 17.175 0.010 4.99 406.0
2455721.76422 17.190 0.009 4.12 344.0
2455721.80377 17.183 0.008 4.42 387.0
2455721.84488 17.205 0.013 6.07 437.0
2455721.89478 17.227 0.014 6.33 508.0
2455722.58925 17.207 0.011 3.96 471.0
2455722.64367 17.192 0.010 4.37 410.0
2455722.69829 17.191 0.010 4.54 354.0
2455722.76376 17.204 0.011 4.26 407.0
2455722.80351 17.174 0.011 4.64 460.0
2455723.54475 17.190 0.015 5.63 587.0
2455723.58421 17.167 0.011 4.52 445.0
2455723.63234 17.167 0.011 5.09 388.0
2455723.68231 17.177 0.011 5.00 379.0
2455723.72233 17.206 0.010 4.39 358.0
2455723.76188 17.211 0.010 3.96 394.0
2455723.80047 17.188 0.010 4.39 338.0
2455723.84010 17.222 0.011 5.21 379.0
2455724.54006 17.171 0.017 6.25 723.0
2455724.58314 17.217 0.015 5.25 625.0
2455724.59738 17.197 0.013 5.15 567.0
2455724.60996 17.200 0.013 5.34 534.0
2455724.66065 17.195 0.012 5.37 446.0
2455724.72204 17.172 0.012 5.44 415.0
2455724.77187 17.194 0.011 4.72 433.0
2455724.81292 17.174 0.012 5.05 442.0
2455725.56291 17.203 0.013 5.09 549.0
2455725.63031 17.200 0.011 4.49 491.0
2455725.69694 17.180 0.010 3.86 520.0
2455725.73753 17.186 0.010 3.61 571.0
2455725.77641 17.189 0.011 4.26 547.0
2455726.53945 17.214 0.019 5.84 1183.0
2455726.57727 17.178 0.015 5.29 831.0
2455726.62434 17.228 0.014 5.50 722.0
2455726.67167 17.195 0.014 5.04 716.0
2455726.71114 17.178 0.011 4.02 703.0
2455726.75168 17.214 0.013 4.19 771.0
2455726.79714 17.174 0.014 5.37 815.0
2455734.59742 17.166 0.014 7.33 440.0
2455734.67649 17.170 0.012 5.47 385.0
2455734.72189 17.203 0.013 6.16 431.0
2455734.76755 17.181 0.014 6.62 405.0
2455734.81092 17.181 0.014 6.41 431.0
2455734.86123 17.170 0.017 7.92 490.0
2455735.64930 17.190 0.012 6.18 343.0
2455735.69454 17.189 0.012 6.45 317.0
2455735.75686 17.198 0.011 5.23 358.0
2455735.80576 17.196 0.011 4.99 380.0
2455735.85254 17.133 0.013 6.19 464.0
2455736.50981 17.167 0.015 6.63 597.0
2455736.55281 17.188 0.011 5.14 434.0
2455736.59077 17.189 0.010 3.91 366.0
2455736.63509 17.168 0.009 3.71 289.0
2455736.67511 17.179 0.009 4.08 279.0
2455736.74719 17.192 0.009 3.99 311.0
2455736.80281 17.179 0.010 4.30 363.0
2455736.84990 17.176 0.010 4.41 413.0
2455736.89666 17.186 0.013 5.89 604.0
2455737.53601 17.166 0.011 4.83 417.0
2455737.57600 17.165 0.009 4.27 350.0
2455737.63027 17.190 0.009 3.71 303.0
2455737.67103 17.189 0.009 3.64 270.0
2455737.72556 17.208 0.009 4.00 262.0
2455737.76496 17.170 0.009 4.36 294.0
2455737.80566 17.198 0.010 4.72 325.0
2455737.85125 17.190 0.011 4.67 403.0
2455737.89311 17.158 0.011 5.60 496.0
2455738.60426 17.193 0.011 5.22 297.0
2455738.65740 17.194 0.009 4.03 291.0
2455738.71183 17.180 0.009 4.31 318.0
2455738.75137 17.208 0.009 4.58 322.0
2455739.54245 17.173 0.012 5.47 441.0
2455739.58067 17.224 0.012 5.55 335.0
2455739.62126 17.190 0.010 5.26 289.0
2455739.68843 17.188 0.010 4.64 264.0
2455739.72792 17.189 0.010 4.75 289.0
2455739.76688 17.193 0.011 5.18 336.0
2455739.80934 17.146 0.012 6.53 372.0
2455739.86272 17.169 0.013 6.53 414.0
2455740.51662 17.169 0.012 5.51 459.0
2455740.56129 17.171 0.014 6.55 404.0
2455740.62300 17.194 0.016 8.57 296.0
2455740.66491 17.211 0.012 6.01 314.0
2455740.72561 17.197 0.012 6.14 325.0
2455740.76542 17.194 0.010 4.67 327.0
2455740.81005 17.156 0.011 5.77 378.0
2455740.84829 17.170 0.013 6.05 435.0
2455741.49701 17.148 0.013 5.77 490.0
2455741.53525 17.172 0.011 4.88 402.0
2455741.58054 17.200 0.010 4.55 329.0
2455741.61834 17.183 0.011 5.47 287.0
2455741.65639 17.190 0.010 5.34 269.0
2455741.71759 17.167 0.010 4.46 291.0
2455741.75914 17.197 0.010 4.44 273.0
2455741.79757 17.181 0.010 3.91 328.0
2455741.83559 17.189 0.010 4.27 392.0
2455741.87375 17.172 0.010 4.57 417.0
2455742.50743 17.173 0.012 4.76 533.0
2455742.55039 17.193 0.012 4.47 503.0
2455742.59150 17.191 0.011 5.06 345.0
2455742.64007 17.177 0.010 4.69 299.0
2455742.69186 17.185 0.009 4.17 287.0
2455742.73084 17.197 0.009 4.01 287.0
2455742.76886 17.194 0.009 3.70 336.0
2455742.80717 17.191 0.009 3.92 367.0
2455742.84738 17.184 0.010 4.44 383.0
2455743.60264 17.169 0.013 6.64 377.0
2455743.64114 17.192 0.012 5.70 319.0
2455743.68206 17.197 0.011 4.86 320.0
2455743.74184 17.181 0.011 5.15 384.0
2455743.78005 17.185 0.013 5.83 391.0
2455743.81808 17.189 0.012 4.77 398.0
2455743.85580 17.162 0.014 6.20 517.0
2455744.49968 17.157 0.017 7.16 578.0
2455744.53775 17.178 0.013 5.55 418.0
2455744.57623 17.225 0.014 6.31 389.0
2455744.61438 17.200 0.012 5.65 389.0
2455744.67526 17.208 0.010 4.90 303.0
2455744.74866 17.186 0.010 4.71 280.0
2455744.79475 17.220 0.010 4.84 320.0
2455744.83958 17.161 0.013 5.93 407.0
2455745.48880 17.196 0.015 7.34 443.0
2455745.52727 17.142 0.014 7.34 368.0
2455745.57401 17.177 0.012 5.95 328.0
2455745.61424 17.195 0.012 5.96 347.0
2455745.66371 17.202 0.010 4.23 323.0
2455745.71334 17.185 0.010 4.82 340.0
2455745.75132 17.190 0.010 5.28 310.0
2455745.78941 17.192 0.013 6.68 314.0
2455746.54137 17.193 0.012 6.28 535.0
2455746.59557 17.183 0.011 5.14 321.0
2455746.63346 17.211 0.012 6.10 310.0
2455746.70213 17.188 0.011 5.41 292.0
2455746.73989 17.192 0.011 5.20 305.0
2455746.77750 17.158 0.012 6.09 357.0
2455746.81992 17.173 0.013 6.59 366.0
2455747.58732 17.172 0.017 8.27 419.0
2455747.63067 17.216 0.012 5.78 312.0
2455747.67701 17.216 0.014 7.10 307.0
2455747.72001 17.155 0.013 7.25 314.0
2455747.76409 17.157 0.014 7.16 338.0
2455748.60632 17.149 0.012 5.58 429.0
2455748.65647 17.192 0.011 4.93 352.0
2455749.50179 17.188 0.015 6.67 468.0
2455749.53962 17.198 0.011 5.41 390.0
2455749.57747 17.202 0.011 5.94 331.0
2455749.61699 17.199 0.010 4.92 330.0
2455749.66707 17.196 0.012 6.06 310.0
2455749.70620 17.189 0.013 6.79 299.0
2455749.74441 17.188 0.012 6.44 315.0
2455749.78293 17.210 0.014 7.14 328.0
2455752.54609 17.173 0.015 6.80 542.0
2455752.58395 17.183 0.015 6.72 482.0
2455752.63730 17.204 0.013 5.92 464.0
2455752.69053 17.202 0.012 4.85 634.0
2455752.73503 17.193 0.011 5.17 422.0
2455752.77491 17.238 0.015 6.22 657.0
2455753.52319 17.157 0.025 7.06 2051.0
2455753.57230 17.225 0.020 7.04 904.0
2455753.62556 17.182 0.025 7.52 1657.0
2455753.71149 17.207 0.016 5.73 980.0
2455753.78697 17.234 0.020 6.80 1227.0
2455759.80870 17.158 0.018 6.77 736.0
2455760.46670 17.199 0.018 6.36 937.0
2455760.50463 17.185 0.015 7.07 491.0
2455760.56098 17.159 0.012 5.75 483.0
2455760.66001 17.196 0.011 5.23 435.0
2455760.70131 17.155 0.012 5.30 485.0
2455760.75014 17.154 0.012 5.25 494.0
2455760.78812 17.162 0.011 4.60 555.0
2455760.82575 17.191 0.014 5.71 657.0
2455761.52105 17.188 0.007 4.20 345.0
2455761.56423 17.175 0.006 3.62 337.0
2455762.48531 17.222 0.013 5.70 385.0
2455762.52593 17.191 0.012 5.40 381.0
2455762.56410 17.203 0.012 5.74 362.0
2455762.60595 17.200 0.011 5.04 354.0
2455762.64491 17.202 0.012 6.15 341.0
2455762.72047 17.234 0.013 5.83 401.0
2455763.47624 17.199 0.013 5.35 510.0
2455763.51887 17.196 0.010 4.33 391.0
2455763.56056 17.218 0.009 3.69 353.0
2455763.61463 17.212 0.011 5.52 333.0
2455763.66276 17.208 0.010 4.44 342.0
2455763.70316 17.199 0.012 5.82 405.0
2455763.74811 17.190 0.012 4.85 498.0
2455763.78611 17.181 0.014 6.07 526.0
2455764.48068 17.200 0.011 4.49 439.0
2455764.52473 17.193 0.010 4.94 343.0
2455764.56446 17.220 0.011 4.66 400.0
2455764.60752 17.213 0.009 3.94 329.0
2455764.65480 17.215 0.009 4.14 283.0
2455764.70292 17.226 0.010 4.51 335.0
2455764.74903 17.200 0.011 5.18 380.0
2455765.48330 17.205 0.011 4.83 472.0
2455765.52612 17.188 0.012 5.07 459.0
2455765.57806 17.208 0.010 4.19 440.0
2455765.63374 17.205 0.010 3.96 402.0
2455765.67718 17.180 0.011 4.94 423.0
2455765.72214 17.214 0.012 5.57 376.0
2455765.76539 17.174 0.014 7.03 409.0
2455766.49572 17.184 0.012 5.74 342.0
2455766.53529 17.216 0.010 4.98 322.0
2455766.59954 17.204 0.009 3.98 284.0
2455766.63899 17.184 0.009 4.26 289.0
2455766.67978 17.188 0.009 4.69 284.0
2455766.72444 17.175 0.012 6.54 293.0
2455767.47285 17.163 0.015 6.69 506.0
2455767.51667 17.182 0.011 5.33 377.0
2455767.55980 17.182 0.011 5.07 396.0
2455767.60392 17.205 0.011 5.30 364.0
2455767.67170 17.189 0.011 4.67 380.0
2455767.72551 17.171 0.012 5.62 378.0
2455767.76759 17.182 0.014 7.04 359.0
2455768.47206 17.236 0.012 5.10 481.0
2455768.51239 17.195 0.011 5.20 366.0
2455768.57274 17.177 0.010 4.44 381.0
2455768.61554 17.177 0.010 5.02 349.0
2455768.66220 17.201 0.009 4.42 333.0
2455768.71236 17.194 0.009 4.14 335.0
2455768.75265 17.203 0.012 5.91 378.0
2455768.79133 17.173 0.011 4.91 462.0
2455769.49753 17.173 0.011 5.19 400.0
2455769.53871 17.206 0.010 4.61 320.0
2455769.59382 17.190 0.010 4.95 294.0
2455769.66115 17.208 0.009 4.19 296.0
2455769.71065 17.210 0.010 4.68 314.0
2455769.75302 17.181 0.011 5.34 331.0
2455770.65356 17.202 0.013 6.20 342.0
2455770.73827 17.204 0.011 4.77 352.0
2455775.55273 17.189 0.014 7.20 303.0
2455775.61954 17.202 0.013 6.86 293.0
2455775.69676 17.206 0.010 5.57 288.0
2455776.57478 17.206 0.013 5.86 367.0
2455776.62279 17.177 0.011 5.83 309.0
2455776.73800 17.201 0.015 7.77 349.0
2455777.49420 17.197 0.011 4.69 406.0
2455777.54432 17.198 0.009 4.20 354.0
2455777.59080 17.198 0.011 6.09 339.0
2455777.67101 17.187 0.009 4.43 317.0
2455777.72159 17.193 0.010 4.74 333.0
2455778.47765 17.184 0.016 6.72 490.0
2455778.52922 17.185 0.014 6.24 429.0
2455778.57567 17.195 0.013 5.43 469.0
2455778.62383 17.187 0.013 5.46 536.0
2455779.61324 17.184 0.009 4.14 319.0
2455779.65953 17.183 0.011 4.99 330.0
2455779.71206 17.194 0.011 5.48 360.0
2455784.51126 17.193 0.017 4.33 1464.0
2455784.59747 17.187 0.012 4.32 627.0
2455784.70574 17.158 0.025 5.19 3106.0
2455785.47565 17.185 0.016 6.02 672.0
2455785.53962 17.206 0.017 6.49 582.0
2455785.59207 17.227 0.014 5.20 562.0
2455785.64125 17.207 0.016 6.37 586.0
2455785.68222 17.176 0.014 6.07 630.0
2455785.72402 17.182 0.018 7.45 723.0
2455786.52298 17.218 0.017 6.54 622.0
2455786.58523 17.202 0.013 5.02 547.0
2455786.62937 17.232 0.012 4.45 546.0
2455786.67198 17.168 0.014 5.68 579.0
2455786.72893 17.244 0.017 6.46 713.0
2455787.49109 17.192 0.012 4.75 572.0
2455787.56237 17.184 0.011 4.08 527.0
2455787.60651 17.223 0.011 4.36 528.0
2455787.64917 17.221 0.012 4.53 552.0
2455787.69047 17.210 0.012 5.10 604.0
2455787.73757 17.223 0.017 6.88 732.0
2455788.50593 17.183 0.012 5.13 408.0
2455788.57023 17.230 0.012 5.44 435.0
2455788.60889 17.210 0.013 5.06 483.0
2455788.65066 17.241 0.013 5.15 472.0
2455788.69157 17.198 0.017 7.28 557.0
2455788.73309 17.205 0.019 8.08 668.0
2455790.48750 17.170 0.012 5.82 328.0
2455790.53732 17.214 0.012 5.86 317.0
2455790.58930 17.182 0.014 6.80 370.0
2455790.62849 17.191 0.013 6.55 385.0
2455790.66944 17.195 0.012 5.58 383.0
2455790.70971 17.209 0.013 5.43 517.0
2455791.47588 17.151 0.015 6.79 471.0
2455791.52598 17.205 0.013 6.30 370.0
2455793.47605 17.189 0.014 6.24 470.0
2455793.54080 17.198 0.011 5.41 341.0
2455793.58337 17.182 0.011 5.66 318.0
2455793.62420 17.158 0.011 5.76 325.0
2455793.66288 17.161 0.010 5.07 341.0
2455793.70427 17.168 0.011 5.43 403.0
2455794.47807 17.164 0.013 6.68 377.0
2455794.53788 17.177 0.011 5.36 294.0
2455794.59039 17.187 0.011 5.39 312.0
2455794.62906 17.193 0.011 5.50 324.0
2455794.67664 17.177 0.011 5.26 373.0
2455795.52877 17.179 0.014 7.07 320.0
2455795.58587 17.188 0.014 7.26 326.0
2455795.64220 17.185 0.012 5.31 335.0
2455795.72390 17.168 0.013 6.49 363.0
2455796.50208 17.190 0.011 5.28 372.0
2455796.56750 17.208 0.012 6.13 369.0
2455796.61086 17.176 0.011 5.43 343.0
2455796.65091 17.160 0.012 6.10 322.0
2455796.69399 17.195 0.013 6.35 423.0
2455798.67532 17.200 0.015 7.60 375.0
2455801.48139 17.180 0.011 5.59 365.0
2455801.54605 17.176 0.011 5.88 301.0
2455801.58499 17.190 0.011 6.03 289.0
2455801.62312 17.144 0.014 7.40 324.0
2455801.66448 17.156 0.012 6.15 344.0
2455802.52205 17.145 0.013 6.41 354.0
2455802.57890 17.166 0.012 6.18 335.0
2455803.50972 17.149 0.011 5.70 341.0
2455803.59100 17.143 0.013 6.87 384.0
2455804.52873 17.137 0.010 5.34 331.0
2455804.56698 17.164 0.010 4.80 320.0
2455804.60735 17.149 0.011 5.82 317.0
2455804.64526 17.146 0.012 6.06 384.0
2455804.68923 17.131 0.012 6.31 461.0
2455805.50552 17.145 0.009 4.31 321.0
2455805.55801 17.146 0.009 3.92 302.0
2455805.59586 17.163 0.010 4.53 327.0
2455805.64219 17.144 0.012 6.73 392.0
2455806.49857 17.147 0.013 6.15 398.0
2455806.55514 17.157 0.014 6.40 437.0
2455807.59339 17.168 0.014 6.45 363.0
2455807.63571 17.126 0.014 7.09 359.0
2455812.49862 17.087 0.016 6.52 618.0
2455812.53891 17.058 0.016 7.03 634.0
2455812.57815 17.082 0.014 5.30 643.0
2455812.61809 17.063 0.014 5.68 661.0
2455812.65778 17.104 0.027 7.15 1950.0
2455813.51994 17.043 0.011 4.72 526.0
2455813.56198 17.027 0.010 4.41 553.0
2455813.60020 17.020 0.010 4.08 589.0
2455813.63796 17.048 0.010 4.38 636.0
2455815.47856 17.019 0.012 5.41 751.0
2455815.53151 17.001 0.009 3.91 496.0
2455815.56997 17.007 0.009 3.63 501.0
2455815.61717 16.987 0.009 3.54 608.0
2455815.65345 16.990 0.009 3.65 673.0
2455816.50286 16.975 0.009 4.21 498.0
2455816.55036 16.993 0.011 5.04 560.0
2455816.58869 16.979 0.011 5.35 571.0
2455816.62671 16.960 0.015 7.74 607.0
2455817.50402 16.935 0.009 4.32 464.0
2455817.55136 16.937 0.010 5.51 483.0
2455817.59054 16.942 0.011 5.79 524.0
2455817.62838 16.930 0.012 7.30 557.0
2455818.48326 16.914 0.010 5.47 480.0
2455818.53278 16.927 0.010 5.38 475.0
2455818.57078 16.916 0.011 5.83 494.0
2455818.61110 16.926 0.013 6.76 607.0
2455819.48331 16.889 0.010 5.40 532.0
2455819.54148 16.884 0.010 5.09 488.0
2455819.57908 16.892 0.009 4.94 508.0
2455819.61837 16.888 0.009 4.58 572.0
2455819.65530 16.914 0.012 6.49 682.0
2455820.51017 16.890 0.011 6.12 461.0
2455820.55714 16.879 0.009 4.88 429.0
2455820.59498 16.887 0.010 5.04 483.0
2455820.63277 16.853 0.012 6.57 587.0
2455822.52378 16.835 0.010 6.59 313.0
2455822.56873 16.823 0.009 6.07 317.0
2455822.61222 16.813 0.009 5.41 357.0
2455823.50035 16.821 0.011 7.34 385.0
2455823.54366 16.766 0.010 6.08 395.0
2455823.58719 16.796 0.009 5.27 412.0
2455823.62766 16.820 0.011 7.02 448.0
2455824.52600 16.784 0.008 4.75 361.0
2455824.56524 16.762 0.008 4.69 351.0
2455824.60646 16.771 0.009 5.97 383.0
2455825.48598 16.739 0.011 6.65 470.0
2455825.53556 16.748 0.009 5.19 423.0
2455825.58191 16.732 0.009 5.22 447.0
2455825.62425 16.734 0.009 7.66 425.0
2455826.50505 16.744 0.009 6.20 377.0
2455826.55373 16.753 0.009 6.07 403.0
2455826.59322 16.732 0.011 7.34 474.0
2455827.49345 16.757 0.011 7.13 477.0
2455827.53113 16.746 0.010 6.20 497.0
2455827.57397 16.755 0.010 6.19 514.0
2455827.61154 16.760 0.010 7.36 467.0
2455828.50460 16.764 0.008 4.51 347.0
2455828.54450 16.778 0.008 4.79 351.0
2455828.58214 16.778 0.009 5.74 389.0
2455828.61686 16.760 0.009 5.59 479.0
2455829.51735 16.794 0.009 4.95 429.0
2455829.55527 16.809 0.008 5.21 444.0
2455829.59355 16.794 0.008 6.25 436.0
2455830.48122 16.786 0.008 4.18 635.0
2455830.53052 16.799 0.007 4.88 373.0
2455830.56818 16.816 0.009 6.75 398.0
2455830.60643 16.805 0.009 7.63 408.0
2455831.52928 16.855 0.009 5.27 377.0
2455831.56683 16.827 0.009 5.95 392.0
2455831.60258 16.833 0.010 7.71 444.0
2455832.51269 16.841 0.008 4.54 412.0
2455832.55226 16.878 0.010 5.98 431.0
2455832.59189 16.865 0.012 7.31 485.0
2455833.51036 16.914 0.009 4.90 395.0
2455833.55024 16.904 0.009 4.80 371.0
2455833.58807 16.878 0.011 6.88 404.0
2455834.50984 16.907 0.008 4.71 366.0
2455834.54751 16.940 0.009 5.64 358.0
2455834.58688 16.944 0.010 5.70 412.0
2455835.53097 16.989 0.013 6.62 452.0
2455836.48452 16.977 0.018 5.78 1459.0
2455836.52807 17.027 0.015 4.86 1165.0
2455839.48425 17.049 0.015 5.61 985.0
2455839.52416 17.051 0.013 6.32 581.0
2455839.56310 17.068 0.014 6.08 677.0
2455839.59348 17.013 0.022 6.66 1930.0
2455840.51235 17.095 0.013 5.36 527.0
2455840.56479 17.065 0.011 4.60 587.0
2455840.60693 17.079 0.013 5.85 692.0
2455841.51024 17.095 0.015 6.20 614.0
2455841.54982 17.064 0.013 5.01 655.0
2455841.59286 17.068 0.015 5.94 725.0
2455842.51224 17.117 0.018 7.33 559.0
2455842.55637 17.091 0.014 5.72 608.0
2455842.59682 17.083 0.018 7.70 728.0
2455843.51383 17.137 0.013 6.10 538.0
2455843.55466 17.107 0.014 6.42 560.0
2455843.59515 17.103 0.017 7.64 642.0
2455844.49815 17.128 0.013 5.29 575.0
2455844.53760 17.121 0.014 5.72 594.0
2455844.57839 17.147 0.017 6.54 696.0
2455845.49849 17.121 0.014 6.41 572.0
2455845.53830 17.150 0.013 5.04 668.0
2455845.57865 17.097 0.020 7.54 824.0
2455846.50235 17.148 0.017 6.60 709.0
2455846.54034 17.100 0.018 6.71 791.0
2455846.57918 17.162 0.021 7.03 976.0
2455850.51306 17.161 0.011 4.82 484.0
2455850.55167 17.169 0.013 5.80 475.0
2455851.50198 17.163 0.011 5.20 435.0
2455851.54032 17.182 0.012 5.49 435.0
2455852.48985 17.142 0.020 6.31 1074.0
2455852.52980 17.178 0.019 7.20 687.0
2455854.49335 17.171 0.019 6.35 948.0
2455854.53655 17.192 0.014 5.61 629.0
2455855.52237 17.163 0.015 5.65 628.0
2455855.55033 17.173 0.015 6.39 623.0
2455856.52237 17.184 0.016 6.55 584.0
2455857.49233 17.221 0.024 8.04 1115.0
2455858.49477 17.237 0.021 6.97 865.0
2455859.49353 17.194 0.021 5.78 1396.0
2455859.53095 17.190 0.014 6.04 590.0
2455860.50703 17.204 0.015 6.18 547.0
2455862.51508 17.185 0.014 6.32 466.0
2455866.50758 17.235 0.023 7.01 1164.0
2455866.52307 17.181 0.022 7.75 1124.0
2455867.51076 17.183 0.014 5.36 695.0
2455868.51210 17.133 0.016 6.88 709.0
2455869.50303 17.180 0.018 5.17 1157.0
2455870.50767 17.162 0.014 5.82 921.0
2455871.49642 17.179 0.025 5.77 2574.0
2455871.50864 17.144 0.015 6.40 846.0
2455873.49744 17.190 0.025 5.60 2747.0
