2455265.81251 20.196 0.107 4.06 339.0
2455266.79609 20.188 0.131 4.34 390.0
2455267.78687 20.176 0.110 4.35 335.0
2455268.82630 20.008 0.092 3.96 333.0
2455269.77248 20.317 0.130 4.14 367.0
2455270.76156 20.187 0.126 4.08 355.0
2455271.84391 20.245 0.110 3.40 374.0
2455272.75785 20.242 0.187 6.01 371.0
2455273.81683 20.115 0.099 3.93 297.0
2455274.78262 20.294 0.148 4.63 354.0
2455275.82946 20.276 0.151 4.43 368.0
2455276.76422 20.289 0.134 4.08 333.0
2455276.89165 20.207 0.111 3.88 313.0
2455277.80062 20.341 0.150 4.74 336.0
2455278.77220 20.309 0.176 5.49 361.0
2455279.77987 20.326 0.190 5.66 355.0
2455280.86331 20.219 0.099 3.27 348.0
2455281.76642 20.111 0.121 4.32 449.0
2455281.90119 20.070 0.091 3.28 356.0
2455282.77882 20.131 0.137 3.96 503.0
2455284.88205 20.545 0.205 4.61 477.0
2455286.73537 20.154 0.170 4.00 817.0
2455287.74451 20.144 0.148 4.00 704.0
2455288.72103 20.220 0.166 3.50 857.0
2455292.78867 20.303 0.196 3.78 1122.0
2455293.79948 20.745 0.219 4.37 339.0
2455294.74662 20.215 0.120 4.18 298.0
2455294.78402 20.159 0.087 3.38 282.0
2455294.82121 20.259 0.096 3.57 280.0
2455294.85128 20.256 0.104 3.70 302.0
2455294.89105 20.353 0.104 3.36 307.0
2455295.74759 20.344 0.134 4.44 277.0
2455295.78596 20.117 0.095 4.18 262.0
2455295.82442 20.162 0.107 4.24 280.0
2455295.86236 20.075 0.088 3.69 285.0
2455295.90194 20.256 0.108 3.68 301.0
2455296.79185 20.141 0.084 3.27 288.0
2455296.82632 20.306 0.095 3.23 297.0
2455296.86373 20.228 0.079 2.96 280.0
2455296.90385 20.287 0.121 4.15 290.0
2455297.78498 20.396 0.116 3.57 302.0
2455297.82301 20.167 0.092 3.45 294.0
2455297.86080 20.176 0.076 2.90 272.0
2455297.89991 20.174 0.088 3.30 303.0
2455298.78586 20.014 0.085 3.50 321.0
2455298.82372 19.965 0.090 3.94 314.0
2455298.86166 20.223 0.131 4.51 317.0
2455298.90113 20.298 0.107 3.51 313.0
2455299.77031 20.353 0.109 3.89 250.0
2455299.80807 20.574 0.123 3.79 259.0
2455299.88472 20.306 0.098 3.60 270.0
2455300.84144 20.255 0.113 3.87 312.0
2455300.88113 20.238 0.108 3.58 326.0
2455300.91999 20.258 0.114 3.37 391.0
2455301.77494 20.351 0.145 4.78 314.0
2455301.81227 20.187 0.097 3.59 318.0
2455301.84979 20.016 0.105 4.55 331.0
2455301.89003 20.257 0.127 4.41 346.0
2455303.89765 20.339 0.163 4.85 379.0
2455304.73529 20.289 0.210 6.33 453.0
2455304.77462 20.371 0.163 5.12 404.0
2455306.70802 20.213 0.122 4.43 352.0
2455306.77213 20.294 0.124 4.47 294.0
2455306.83524 20.246 0.105 4.05 306.0
2455306.87443 20.436 0.135 4.07 315.0
2455306.91332 20.130 0.095 3.44 350.0
2455307.69778 20.392 0.142 4.23 357.0
2455307.76131 20.253 0.131 4.58 356.0
2455307.82270 20.201 0.114 4.11 379.0
2455307.86205 20.178 0.112 3.75 408.0
2455307.90172 20.217 0.117 4.04 395.0
2455308.68905 20.486 0.181 4.90 375.0
2455308.75090 19.960 0.111 4.92 333.0
2455308.81243 20.121 0.104 4.31 297.0
2455308.85033 20.218 0.112 4.37 298.0
2455309.68680 20.194 0.163 5.44 415.0
2455309.75184 20.100 0.106 4.63 312.0
2455309.82240 20.020 0.098 4.26 315.0
2455309.86649 20.068 0.098 3.83 337.0
2455309.90485 20.052 0.094 3.57 358.0
2455310.66651 20.107 0.151 5.30 530.0
2455310.73246 20.190 0.141 5.10 399.0
2455310.78882 20.176 0.123 4.65 328.0
2455310.86427 20.012 0.082 3.74 325.0
2455310.90226 20.641 0.180 4.26 375.0
2455311.78765 20.251 0.183 5.89 389.0
2455311.84602 20.267 0.140 4.97 330.0
2455311.89492 20.389 0.176 5.28 393.0
2455312.70926 20.199 0.199 6.07 504.0
2455312.75862 20.382 0.201 5.59 463.0
2455312.80116 20.218 0.165 5.11 460.0
2455312.84095 20.322 0.184 5.40 493.0
2455312.88579 20.067 0.130 4.72 421.0
2455312.92293 20.191 0.135 4.41 439.0
2455313.79500 19.960 0.149 5.34 560.0
2455313.83400 20.178 0.183 5.42 544.0
2455313.87423 20.238 0.226 5.80 632.0
2455313.91205 20.124 0.185 5.20 630.0
2455314.68275 19.879 0.149 4.64 958.0
2455314.76486 20.646 0.263 4.63 771.0
2455314.80241 19.806 0.123 4.80 703.0
2455314.86021 20.088 0.178 4.91 800.0
2455314.89739 20.253 0.185 4.29 823.0
2455315.78570 20.513 0.225 4.21 816.0
2455315.82358 20.536 0.249 4.31 855.0
2455315.86368 20.412 0.276 4.89 1074.0
2455315.90567 19.956 0.170 4.59 1085.0
2455316.69666 20.180 0.287 5.59 1265.0
2455316.74170 20.087 0.273 5.65 1294.0
2455316.82074 20.333 0.280 5.46 924.0
2455320.65919 19.965 0.117 4.27 584.0
2455320.69815 19.912 0.129 4.83 540.0
2455320.74212 20.432 0.167 4.08 518.0
2455320.77958 20.188 0.130 4.01 492.0
2455320.81899 20.244 0.137 4.41 453.0
2455320.86126 20.488 0.191 4.15 547.0
2455320.89872 20.183 0.141 4.11 586.0
2455321.72647 19.992 0.110 4.39 441.0
2455321.76502 20.204 0.148 4.92 450.0
2455321.80424 20.133 0.132 4.57 456.0
2455321.84571 20.643 0.259 5.47 475.0
2455321.88333 19.981 0.128 4.59 500.0
2455321.92056 20.079 0.149 4.75 556.0
2455322.70688 20.656 0.239 5.53 397.0
2455322.85445 20.292 0.167 4.86 512.0
2455322.87966 20.243 0.145 4.07 518.0
2455322.92005 20.099 0.131 3.96 609.0
2455323.74331 20.322 0.191 5.93 409.0
2455323.78165 20.282 0.158 5.00 439.0
2455323.82491 20.399 0.169 4.72 454.0
2455323.86434 20.398 0.171 4.19 532.0
2455323.90180 20.117 0.140 4.26 600.0
2455324.70612 20.156 0.153 5.33 379.0
2455324.74525 20.118 0.108 3.94 333.0
2455324.78262 20.266 0.186 5.66 383.0
2455324.82299 20.022 0.121 4.67 383.0
2455324.86172 20.319 0.156 4.28 431.0
2455324.89905 19.968 0.099 3.68 465.0
2455325.64429 20.317 0.142 3.98 416.0
2455325.69846 20.197 0.115 4.17 335.0
2455325.73499 20.188 0.110 3.98 313.0
2455325.77331 20.274 0.113 3.69 297.0
2455325.81282 20.088 0.110 4.21 320.0
2455325.86031 20.103 0.120 4.33 390.0
2455325.89904 20.074 0.112 3.94 428.0
2455326.67331 20.356 0.141 4.31 327.0
2455326.73399 20.320 0.140 4.54 312.0
2455326.77138 20.117 0.109 4.14 318.0
2455326.81092 20.260 0.116 3.67 340.0
2455326.84917 19.836 0.094 4.30 378.0
2455326.88763 20.288 0.140 3.84 463.0
2455326.92636 20.599 0.216 4.74 573.0
2455327.68748 20.328 0.131 4.26 291.0
2455327.75841 20.180 0.110 3.66 287.0
2455327.79730 20.202 0.131 4.17 316.0
2455327.83560 19.930 0.132 5.02 357.0
2455327.87455 20.116 0.124 3.97 432.0
2455327.91268 20.150 0.126 4.02 466.0
2455328.60940 20.239 0.134 3.98 479.0
2455328.68340 20.125 0.113 3.61 360.0
2455328.79064 20.052 0.106 3.98 325.0
2455328.83137 20.378 0.172 4.83 356.0
2455328.86913 20.463 0.160 3.84 398.0
2455328.90691 20.782 0.225 4.07 486.0
2455329.70711 20.123 0.137 5.45 325.0
2455334.62965 20.389 0.155 4.95 354.0
2455334.69575 20.225 0.143 5.20 314.0
2455334.77654 20.058 0.095 4.06 329.0
2455334.83630 20.042 0.100 4.27 333.0
2455334.87400 20.233 0.135 4.79 378.0
2455334.91463 20.746 0.293 5.94 424.0
2455335.71991 20.283 0.110 4.07 307.0
2455335.75915 20.203 0.101 3.67 344.0
2455335.79880 20.062 0.102 4.30 359.0
2455335.83820 20.267 0.139 4.48 367.0
2455335.87591 20.221 0.163 5.01 424.0
2455335.91360 20.689 0.230 4.85 452.0
2455336.79303 20.261 0.152 4.78 369.0
2455336.85744 20.183 0.124 4.06 391.0
2455336.92243 20.555 0.214 4.38 546.0
2455337.76900 20.387 0.140 4.38 329.0
2455337.80890 20.124 0.138 5.03 395.0
2455337.84728 20.688 0.248 4.87 467.0
2455337.88522 20.373 0.201 5.10 525.0
2455337.92367 20.113 0.205 6.21 601.0
2455338.76654 20.781 0.251 4.72 461.0
2455338.84704 20.380 0.285 6.56 548.0
2455339.68196 20.529 0.240 5.15 517.0
2455339.74836 20.605 0.236 4.59 572.0
2455339.81362 20.243 0.166 4.46 586.0
2455339.87925 20.530 0.259 5.15 664.0
2455340.62811 20.378 0.295 6.41 752.0
2455340.66579 20.080 0.145 4.66 589.0
2455340.75234 20.179 0.184 5.64 480.0
2455340.84807 20.340 0.248 5.98 563.0
2455340.88654 20.216 0.168 4.40 688.0
2455340.92415 19.935 0.169 5.48 783.0
2455341.59832 20.188 0.166 4.54 708.0
2455341.67149 20.384 0.151 4.02 526.0
2455341.74287 20.110 0.129 4.27 505.0
2455341.81744 19.984 0.116 3.83 587.0
2455341.85564 20.162 0.134 3.88 593.0
2455341.89338 20.148 0.134 3.98 564.0
2455341.93357 20.161 0.192 5.06 696.0
2455342.64514 20.046 0.195 5.64 701.0
2455342.68276 20.349 0.198 4.61 652.0
2455342.72027 20.081 0.155 4.77 604.0
2455342.76133 19.995 0.138 4.76 596.0
2455342.80325 20.186 0.206 5.38 699.0
2455342.84099 20.352 0.206 4.57 709.0
2455342.87886 20.600 0.299 4.69 932.0
2455343.58840 20.242 0.265 5.21 1230.0
2455343.66369 20.129 0.172 4.42 912.0
2455343.70143 20.323 0.207 4.46 848.0
2455343.73943 20.414 0.226 4.67 795.0
2455343.81892 20.193 0.178 4.12 950.0
2455343.85702 20.030 0.157 4.04 1025.0
2455343.86975 19.946 0.172 4.66 1078.0
2455343.90785 20.366 0.280 5.17 1207.0
2455348.60385 20.280 0.197 5.52 498.0
2455348.67332 20.216 0.151 4.62 458.0
2455348.76604 20.242 0.144 4.47 410.0
2455348.80431 20.585 0.224 4.97 445.0
2455348.84220 20.196 0.139 4.26 488.0
2455348.88672 20.344 0.204 4.97 594.0
2455348.92636 19.950 0.175 5.94 636.0
2455349.60280 20.141 0.211 6.93 465.0
2455349.68458 20.350 0.201 5.29 505.0
2455349.77939 20.429 0.263 4.11 1372.0
2455349.81740 20.168 0.144 3.96 713.0
2455349.85661 20.066 0.167 4.75 838.0
2455350.65501 20.343 0.210 6.00 367.0
2455350.69256 20.526 0.283 6.59 390.0
2455350.73127 20.272 0.192 5.97 383.0
2455351.59336 20.369 0.154 4.75 357.0
2455351.65050 20.405 0.137 4.19 305.0
2455351.72964 20.426 0.158 4.38 412.0
2455351.81565 20.139 0.139 4.60 478.0
2455352.60457 20.223 0.196 5.98 404.0
2455352.65291 20.571 0.191 4.88 324.0
2455352.74657 20.215 0.132 4.15 353.0
2455352.81599 20.107 0.118 3.68 428.0
2455352.83087 20.256 0.142 3.78 463.0
2455352.88622 20.275 0.179 4.45 593.0
2455352.92384 20.170 0.182 4.74 753.0
2455353.63610 20.358 0.143 4.39 329.0
2455353.71286 20.350 0.124 4.21 309.0
2455353.78104 20.303 0.131 3.95 362.0
2455353.81874 20.266 0.146 4.29 430.0
2455353.86352 20.000 0.118 4.42 470.0
2455354.57684 20.781 0.258 4.54 400.0
2455354.65862 20.243 0.143 4.95 317.0
2455354.75393 20.411 0.165 4.56 363.0
2455354.83017 20.093 0.127 3.93 478.0
2455354.87051 20.018 0.138 4.41 559.0
2455354.90909 20.582 0.287 5.79 640.0
2455355.59969 20.255 0.138 4.54 428.0
2455355.68424 20.183 0.125 4.38 374.0
2455355.77130 20.256 0.160 4.88 423.0
2455355.82404 20.026 0.128 4.53 497.0
2455355.87259 20.517 0.270 5.58 622.0
2455357.61272 20.246 0.168 5.53 403.0
2455357.68183 20.256 0.156 5.47 327.0
2455357.77227 20.542 0.222 5.65 348.0
2455357.87253 19.977 0.181 6.57 514.0
2455358.65069 20.364 0.141 4.61 317.0
2455358.74524 20.143 0.133 4.97 334.0
2455358.85541 20.475 0.199 5.34 408.0
2455359.57813 19.992 0.151 5.36 546.0
2455359.62235 20.261 0.173 5.07 472.0
2455359.67552 20.490 0.177 4.63 381.0
2455359.72347 20.286 0.179 5.27 399.0
2455359.77289 20.214 0.145 4.50 418.0
2455359.81301 20.089 0.127 4.49 438.0
2455359.85869 20.198 0.186 5.36 550.0
2455361.67055 19.960 0.138 5.85 334.0
2455362.58518 20.323 0.241 5.77 602.0
2455362.66595 20.333 0.132 3.93 422.0
2455362.76045 20.191 0.118 4.15 398.0
2455362.88043 20.260 0.256 6.75 553.0
2455364.52304 20.594 0.226 4.98 479.0
2455364.56802 20.566 0.167 4.23 351.0
2455364.63942 20.361 0.110 3.64 308.0
2455364.73525 20.077 0.157 5.98 353.0
2455364.79226 20.277 0.220 6.99 332.0
2455364.83164 20.167 0.148 5.23 340.0
2455364.87163 20.550 0.222 5.69 341.0
2455365.58529 20.472 0.185 4.70 457.0
2455365.65977 20.253 0.163 5.22 376.0
2455365.75562 20.148 0.137 5.35 338.0
2455365.83031 20.670 0.231 4.83 397.0
2455368.61480 20.128 0.142 5.29 342.0
2455369.74034 20.419 0.271 5.55 796.0
2455369.78516 19.895 0.201 5.29 1248.0
2455369.82442 20.286 0.207 5.03 673.0
2455376.63062 20.177 0.196 6.07 525.0
2455376.67023 20.150 0.219 6.64 484.0
2455376.71048 20.411 0.224 5.31 509.0
2455376.74874 20.365 0.243 5.82 582.0
2455376.78701 20.296 0.187 4.76 612.0
2455376.82520 19.933 0.175 5.65 730.0
2455377.51919 20.145 0.160 5.45 414.0
2455377.56121 20.444 0.215 5.11 421.0
2455377.64892 20.165 0.122 4.02 384.0
2455377.66934 20.295 0.166 5.16 354.0
2455377.71456 20.152 0.129 4.34 388.0
2455377.75764 20.364 0.162 4.33 448.0
2455377.80034 20.054 0.152 5.12 511.0
2455377.83855 20.164 0.181 5.35 612.0
2455378.49282 20.054 0.128 4.35 451.0
2455378.56315 20.360 0.144 4.52 310.0
2455378.64782 20.337 0.144 4.27 342.0
2455378.72418 20.285 0.120 3.78 373.0
2455378.76246 20.279 0.114 3.59 398.0
2455378.80100 20.351 0.166 5.01 427.0
2455378.84087 20.609 0.268 6.14 570.0
2455378.87858 20.036 0.198 7.36 702.0
2455379.51759 20.405 0.196 5.49 313.0
2455379.59958 20.002 0.111 4.82 259.0
2455379.68612 20.172 0.127 4.35 339.0
2455379.75536 20.383 0.161 4.52 395.0
2455379.79298 20.244 0.164 5.25 456.0
2455379.83076 20.250 0.220 7.27 562.0
2455380.52908 20.430 0.152 4.75 291.0
2455380.58206 19.909 0.082 4.23 255.0
2455380.66844 20.158 0.097 4.24 246.0
2455380.72484 20.423 0.143 4.45 301.0
2455380.76309 20.126 0.137 5.01 340.0
2455380.80096 20.525 0.271 6.56 393.0
2455380.83886 19.805 0.186 7.86 505.0
2455381.53860 20.083 0.150 5.43 399.0
2455381.57614 20.135 0.210 7.02 353.0
2455381.67572 20.180 0.159 6.01 294.0
2455381.71401 20.331 0.221 6.43 356.0
2455381.79907 20.381 0.232 5.84 472.0
2455381.83720 20.351 0.291 7.10 588.0
2455382.52737 19.959 0.151 5.80 463.0
2455382.56493 20.378 0.285 7.66 396.0
2455382.61437 20.250 0.187 6.09 346.0
2455382.65295 20.172 0.165 5.92 352.0
2455382.69407 20.238 0.152 5.36 321.0
2455382.73389 20.225 0.178 6.14 337.0
2455382.82244 20.307 0.252 6.99 472.0
2455385.47211 20.100 0.141 3.80 699.0
2455385.51133 20.180 0.124 4.13 454.0
2455385.52508 20.196 0.124 4.66 585.0
2455385.62458 20.462 0.144 4.43 383.0
2455385.72691 20.194 0.101 3.74 366.0
2455385.81184 20.332 0.135 4.56 313.0
2455385.84940 20.358 0.173 5.45 357.0
2455386.60899 20.354 0.141 4.56 268.0
2455386.74484 20.487 0.141 3.76 303.0
2455386.78315 20.093 0.103 4.03 305.0
2455386.82614 20.304 0.156 5.43 357.0
2455387.50533 20.167 0.100 3.19 343.0
2455387.61434 20.176 0.077 3.20 202.0
2455387.64965 20.136 0.076 3.10 229.0
2455387.68860 20.227 0.102 3.68 259.0
2455387.72720 20.167 0.087 3.53 258.0
2455387.76799 20.019 0.105 4.80 281.0
2455387.80918 20.384 0.200 6.89 355.0
2455388.46914 20.419 0.222 5.39 489.0
2455388.50676 20.126 0.134 5.11 293.0
2455388.56664 20.169 0.129 5.13 268.0
2455388.67908 20.087 0.115 5.19 209.0
2455388.76573 20.149 0.132 5.44 224.0
2455388.80902 20.035 0.138 6.14 284.0
2455389.46717 20.465 0.288 5.96 586.0
2455389.50607 20.419 0.213 6.30 314.0
2455389.54455 20.115 0.124 5.01 274.0
2455389.65186 20.093 0.126 5.42 221.0
2455389.75702 20.419 0.197 5.83 294.0
2455389.79629 20.143 0.201 7.14 340.0
2455389.83585 20.374 0.209 6.05 410.0
2455390.53932 20.297 0.180 5.99 298.0
2455390.67075 20.136 0.163 6.14 302.0
2455390.72045 20.163 0.122 4.99 232.0
2455390.75870 20.250 0.120 4.60 244.0
2455390.79652 20.367 0.157 5.64 233.0
2455391.53056 20.104 0.138 5.47 308.0
2455391.56790 20.214 0.185 6.67 268.0
2455391.65144 20.410 0.172 5.42 258.0
2455391.82019 20.144 0.171 5.51 501.0
2455392.46759 20.416 0.244 5.68 540.0
2455392.50542 20.408 0.183 5.39 317.0
2455392.54442 20.160 0.142 5.33 306.0
2455392.62834 20.080 0.103 4.37 279.0
2455392.73796 20.292 0.115 4.06 260.0
2455392.79768 20.080 0.129 5.11 313.0
2455393.65227 20.231 0.168 6.03 259.0
2455393.69069 20.651 0.224 5.72 232.0
2455393.72862 20.556 0.262 6.67 288.0
2455393.77412 19.940 0.143 6.27 304.0
2455393.81199 20.454 0.298 7.60 360.0
2455395.80949 20.140 0.211 6.90 399.0
2455396.60076 20.040 0.131 5.05 372.0
2455396.66389 20.252 0.169 5.54 338.0
2455396.77094 20.250 0.124 4.57 315.0
2455396.80908 19.985 0.192 7.76 341.0
2455397.61959 20.101 0.221 7.54 389.0
2455397.66426 20.573 0.252 6.19 350.0
2455402.65695 20.112 0.226 6.05 760.0
2455403.49325 20.342 0.157 3.90 686.0
2455403.53041 20.483 0.171 3.68 677.0
2455403.56793 20.022 0.125 4.13 680.0
2455403.60841 20.033 0.131 4.12 672.0
2455403.64776 20.387 0.188 4.36 679.0
2455403.68583 20.099 0.143 3.94 738.0
2455403.72679 20.314 0.203 4.38 837.0
2455403.76458 20.112 0.227 5.86 1001.0
2455404.46850 20.017 0.161 4.29 847.0
2455404.50641 20.326 0.163 4.05 486.0
2455404.54421 20.220 0.163 4.65 480.0
2455404.58202 20.271 0.184 4.80 483.0
2455404.62520 20.205 0.147 4.24 445.0
2455404.66462 20.370 0.171 4.28 454.0
2455404.70355 20.224 0.180 4.88 546.0
2455404.74304 20.097 0.180 5.61 610.0
2455404.78684 20.232 0.249 7.40 788.0
2455405.64154 20.569 0.269 5.85 373.0
2455405.68137 20.007 0.151 5.20 405.0
2455405.71923 20.248 0.178 5.10 444.0
2455405.75680 20.270 0.193 5.17 528.0
2455405.79438 20.052 0.225 5.39 1205.0
2455407.49599 20.542 0.228 6.10 254.0
2455407.53401 20.435 0.224 6.49 246.0
2455407.57230 20.122 0.184 6.87 265.0
2455407.61295 20.239 0.207 6.49 302.0
2455407.65116 20.290 0.182 5.46 320.0
2455407.69019 20.508 0.243 5.65 360.0
2455407.72824 20.177 0.185 5.55 426.0
2455407.76621 20.290 0.207 5.77 467.0
2455408.52023 20.214 0.200 6.47 341.0
2455408.56752 20.068 0.168 6.69 302.0
2455408.60754 20.097 0.138 5.42 322.0
2455408.64587 20.117 0.151 5.42 369.0
2455408.68460 19.925 0.121 5.22 369.0
2455408.76023 20.215 0.230 6.38 548.0
2455409.47027 20.276 0.202 5.59 524.0
2455409.50804 20.159 0.154 6.05 276.0
2455409.59476 20.282 0.115 4.42 253.0
2455409.70129 20.225 0.143 4.94 336.0
2455409.76243 19.944 0.139 5.71 434.0
2455410.47113 20.351 0.221 5.27 590.0
2455410.51278 20.258 0.147 4.85 323.0
2455410.59790 19.988 0.096 4.64 248.0
2455410.70473 19.991 0.119 4.99 317.0
2455410.76668 20.177 0.153 5.30 465.0
2455411.48896 20.753 0.173 4.21 274.0
2455411.52687 20.300 0.120 4.37 254.0
2455411.63373 20.066 0.085 3.80 261.0
2455411.74160 20.255 0.147 4.81 383.0
2455412.51134 20.238 0.155 5.28 364.0
2455412.55080 20.192 0.154 4.97 430.0
2455412.59102 20.121 0.178 6.46 373.0
2455412.62943 20.222 0.163 5.68 322.0
2455412.67271 20.341 0.177 5.45 333.0
2455412.73356 20.229 0.179 6.00 361.0
2455413.49242 20.023 0.115 4.89 362.0
2455413.55313 20.087 0.111 4.71 292.0
2455413.66017 20.320 0.099 3.70 215.0
2455413.74462 20.516 0.177 5.58 270.0
2455414.47284 20.436 0.165 4.23 395.0
2455414.51059 20.231 0.114 4.17 256.0
2455414.59583 20.189 0.116 4.69 253.0
2455414.70747 20.379 0.146 4.92 293.0
2455416.63038 20.205 0.165 6.15 266.0
2455416.68548 20.705 0.273 6.39 287.0
2455418.54755 20.413 0.114 4.06 235.0
2455418.59763 20.548 0.153 4.74 230.0
2455418.64776 20.320 0.130 4.77 223.0
2455418.69717 20.319 0.156 5.26 271.0
2455421.50575 20.254 0.152 5.64 288.0
2455421.54891 20.771 0.202 4.63 285.0
2455421.56546 20.496 0.162 4.80 293.0
2455421.61019 20.316 0.136 4.94 255.0
2455421.65313 20.102 0.129 5.67 244.0
2455421.69555 20.066 0.124 5.81 221.0
2455422.48974 20.373 0.192 5.70 337.0
2455422.53047 20.152 0.156 5.79 326.0
2455422.62900 20.093 0.089 3.97 252.0
2455422.75679 20.231 0.211 6.94 343.0
2455423.51306 20.027 0.090 4.08 273.0
2455423.58468 20.177 0.108 4.37 267.0
2455423.69254 20.404 0.203 6.31 306.0
2455425.52139 20.380 0.143 4.35 340.0
2455430.51350 20.340 0.221 5.02 606.0
2455430.55959 20.194 0.169 4.68 547.0
2455430.59763 20.406 0.203 4.66 530.0
2455430.63666 20.069 0.164 5.03 587.0
2455431.47565 20.137 0.202 5.44 736.0
2455431.51438 19.989 0.122 4.38 568.0
2455431.55467 20.379 0.176 4.49 479.0
2455431.59242 20.193 0.142 4.49 486.0
2455431.63389 20.280 0.230 6.28 539.0
2455432.54548 20.354 0.266 6.52 509.0
2455432.65104 20.049 0.200 6.34 612.0
2455433.62940 20.404 0.231 5.49 542.0
2455433.67492 20.454 0.279 5.85 696.0
2455434.50557 20.182 0.174 5.33 403.0
2455434.55086 20.380 0.203 5.83 397.0
2455434.58930 20.420 0.198 4.57 449.0
2455434.63652 20.151 0.154 4.56 495.0
2455435.47787 20.231 0.179 4.81 471.0
2455435.51785 20.434 0.203 5.38 378.0
2455435.56298 20.181 0.166 5.46 410.0
2455435.63384 20.161 0.142 4.23 439.0
2455435.68206 20.468 0.196 4.48 484.0
2455436.47574 20.132 0.195 5.81 548.0
2455436.54285 20.449 0.221 5.83 326.0
2455436.66003 20.541 0.220 4.56 444.0
2455437.49841 20.030 0.125 5.18 346.0
2455437.62199 20.569 0.158 3.70 340.0
2455438.51090 20.346 0.190 5.01 367.0
2455438.57316 20.424 0.220 5.80 331.0
2455438.65099 20.432 0.179 4.16 445.0
2455438.68862 20.218 0.151 4.64 424.0
2455439.60440 20.683 0.293 6.48 321.0
2455439.64256 19.909 0.152 6.28 336.0
2455443.49609 20.373 0.214 6.68 331.0
2455443.58089 19.830 0.123 5.59 340.0
2455443.66110 20.414 0.183 5.31 354.0
2455444.48441 20.351 0.216 6.12 350.0
2455444.53449 20.725 0.280 6.35 268.0
2455444.59109 20.474 0.192 5.44 286.0
2455444.63315 20.296 0.184 5.78 377.0
2455445.53703 20.323 0.179 5.45 338.0
2455445.64092 20.075 0.121 4.71 346.0
2455445.68006 20.117 0.125 5.08 377.0
2455446.51547 20.334 0.164 5.04 334.0
2455446.56125 20.050 0.125 4.82 339.0
2455446.60107 19.952 0.122 5.39 315.0
2455446.64029 20.280 0.163 5.63 311.0
2455447.48776 20.150 0.108 3.97 337.0
2455447.53100 20.074 0.117 4.71 316.0
2455447.57026 20.212 0.140 5.43 315.0
2455448.50832 20.155 0.156 6.00 315.0
2455448.54703 20.340 0.172 5.17 340.0
2455448.56181 20.236 0.154 4.87 339.0
2455448.66308 19.857 0.148 7.88 367.0
2455449.50309 20.014 0.158 6.27 331.0
2455449.61735 20.188 0.159 5.34 392.0
2455450.50599 20.240 0.165 5.41 345.0
2455450.54362 20.104 0.150 5.56 346.0
2455450.58690 20.515 0.209 5.52 337.0
2455450.63182 20.286 0.232 6.86 408.0
2455457.54227 20.264 0.128 4.85 447.0
2455457.59897 20.192 0.155 6.01 541.0
2455458.58336 20.057 0.156 5.50 575.0
2455459.49169 20.324 0.202 5.45 478.0
2455459.54618 20.291 0.167 4.41 484.0
2455459.59036 20.590 0.239 5.23 565.0
2455460.48165 20.231 0.264 6.48 661.0
2455460.53584 20.069 0.244 6.02 967.0
2455461.53760 20.337 0.261 5.28 871.0
2455462.53116 20.644 0.260 4.76 506.0
2455463.50192 20.598 0.222 4.54 515.0
2455463.54398 20.134 0.154 4.71 523.0
2455464.49217 20.402 0.198 5.34 387.0
2455464.53397 20.406 0.180 4.45 472.0
2455465.50788 20.242 0.221 6.87 372.0
2455467.48107 19.920 0.198 5.60 930.0
2455469.60543 20.247 0.160 4.95 458.0
2455471.58377 20.181 0.153 5.22 387.0
2455472.54340 20.261 0.207 6.17 424.0
2455472.54945 20.461 0.268 6.31 502.0
2455473.49911 20.027 0.171 6.18 396.0
2455477.53733 19.949 0.155 5.39 473.0
2455479.50653 20.096 0.176 6.22 402.0
2455480.48841 20.236 0.243 5.51 723.0
2455487.54293 20.471 0.287 6.36 652.0
2455489.51650 20.225 0.246 6.05 637.0
2455597.85811 20.248 0.163 5.89 358.0
2455598.85338 20.311 0.153 5.01 391.0
2455599.85414 20.375 0.163 4.75 365.0
2455600.85062 20.094 0.141 5.99 390.0
2455601.88615 20.066 0.185 5.61 686.0
2455602.85867 19.848 0.152 7.03 413.0
2455604.86694 19.967 0.155 6.34 394.0
2455605.86501 19.929 0.088 4.36 350.0
2455606.86274 20.011 0.123 5.19 355.0
2455607.86594 19.957 0.104 4.83 365.0
2455608.85911 20.186 0.195 7.22 327.0
2455610.88722 19.974 0.141 4.85 642.0
2455612.86163 20.125 0.157 5.27 510.0
2455614.84706 20.077 0.148 5.08 538.0
2455615.85538 19.960 0.114 4.33 474.0
2455616.84754 20.240 0.200 5.60 529.0
2455620.81205 19.835 0.131 6.59 347.0
2455621.83898 19.921 0.100 4.82 325.0
2455622.87358 20.101 0.095 4.21 255.0
2455624.83191 19.852 0.100 4.87 331.0
2455625.81114 19.992 0.122 5.27 346.0
2455627.83542 19.905 0.093 4.67 291.0
2455628.84616 20.060 0.114 4.88 293.0
2455629.81434 19.835 0.097 4.99 285.0
2455630.79175 19.947 0.103 5.39 327.0
2455631.79753 19.766 0.161 7.75 544.0
2455632.82678 19.631 0.084 5.07 340.0
2455633.78248 19.917 0.094 4.77 337.0
2455634.83889 19.749 0.096 5.19 303.0
2455635.84628 19.924 0.121 5.58 404.0
2455637.79983 19.749 0.124 6.18 454.0
2455638.78624 19.733 0.124 5.50 524.0
2455639.78180 19.879 0.125 4.80 560.0
2455639.85754 19.736 0.079 3.74 430.0
2455640.78645 19.908 0.162 5.68 611.0
2455640.82477 19.859 0.114 4.32 534.0
2455640.91334 19.938 0.177 5.78 874.0
2455641.77926 19.751 0.100 4.57 572.0
2455641.82164 19.594 0.084 4.47 499.0
2455641.85984 19.587 0.084 4.71 476.0
2455641.90448 19.920 0.128 6.31 474.0
2455642.78157 19.671 0.101 4.65 603.0
2455642.84059 19.786 0.106 4.76 544.0
2455642.90047 19.772 0.123 6.15 499.0
2455643.75611 19.902 0.133 4.80 692.0
2455643.79430 19.827 0.118 4.83 595.0
2455643.85416 19.532 0.071 3.81 562.0
2455643.89501 19.677 0.081 4.55 501.0
2455644.81347 19.562 0.091 4.50 635.0
2455644.87124 19.650 0.094 4.26 680.0
2455647.76726 19.723 0.093 4.50 502.0
2455647.85069 19.450 0.065 4.30 417.0
2455647.86732 19.439 0.075 5.01 495.0
2455647.88331 19.739 0.110 5.25 567.0
2455647.90114 19.966 0.168 6.49 625.0
2455648.74585 19.918 0.143 6.78 313.0
2455648.80837 19.646 0.070 4.50 297.0
2455648.85239 19.569 0.059 3.92 291.0
2455648.89561 19.650 0.085 5.82 287.0
2455649.75165 19.639 0.071 5.19 250.0
2455649.79083 19.549 0.059 4.42 252.0
2455649.85827 19.623 0.065 4.48 247.0
2455649.89678 19.485 0.063 5.37 258.0
2455650.74200 19.320 0.059 5.27 278.0
2455650.78271 19.410 0.047 4.05 241.0
2455650.84507 19.542 0.062 4.86 261.0
2455650.88925 19.413 0.072 7.01 272.0
2455651.76436 19.641 0.071 4.49 276.0
2455651.80703 19.767 0.077 4.20 266.0
2455651.87765 19.432 0.067 5.15 281.0
2455652.74445 19.661 0.069 4.76 270.0
2455652.80589 19.747 0.064 4.12 244.0
2455652.84819 19.498 0.055 4.24 250.0
2455653.77283 19.618 0.061 4.01 287.0
2455653.90196 19.509 0.047 3.56 265.0
2455654.77425 19.576 0.073 4.77 298.0
2455654.82449 19.513 0.069 5.44 264.0
2455654.86604 19.435 0.057 4.75 260.0
2455654.91906 19.410 0.087 6.56 530.0
2455655.76581 19.746 0.093 4.81 342.0
2455655.80383 19.568 0.070 4.18 323.0
2455655.84200 19.498 0.057 4.14 298.0
2455655.88898 19.376 0.062 5.69 274.0
2455656.78386 19.462 0.063 4.42 334.0
2455656.82747 19.460 0.050 3.68 310.0
2455656.87183 19.607 0.064 4.75 289.0
2455657.77515 19.403 0.048 3.53 308.0
2455657.81386 19.409 0.049 3.68 302.0
2455657.85926 19.564 0.059 4.15 293.0
2455657.90390 19.429 0.061 4.94 275.0
2455658.76894 19.408 0.071 5.72 394.0
2455658.81018 19.710 0.089 5.47 267.0
2455658.86713 19.565 0.072 5.13 257.0
2455658.90861 19.537 0.082 5.71 258.0
2455659.72394 19.450 0.068 5.07 321.0
2455659.76148 19.547 0.064 4.50 280.0
2455659.80080 19.451 0.061 4.86 291.0
2455659.83975 19.461 0.073 5.73 273.0
2455659.88880 19.493 0.059 4.37 266.0
2455659.93069 19.423 0.132 4.10 2226.0
2455660.76227 19.405 0.065 5.92 270.0
2455660.80271 19.480 0.063 5.19 261.0
2455660.85908 19.375 0.077 6.42 261.0
2455660.91748 19.353 0.074 5.70 316.0
2455662.75358 19.752 0.118 6.48 314.0
2455662.79385 19.358 0.056 4.52 325.0
2455662.85394 19.506 0.068 4.86 361.0
2455662.89521 19.386 0.060 4.45 363.0
2455663.75182 19.376 0.063 5.07 323.0
2455664.75775 19.525 0.096 6.44 386.0
2455664.80027 19.310 0.060 5.15 301.0
2455664.86002 19.359 0.076 5.98 334.0
2455664.90390 19.518 0.068 4.59 317.0
2455665.72117 19.553 0.092 6.00 366.0
2455665.76650 19.618 0.097 5.95 310.0
2455665.83686 19.251 0.046 4.68 257.0
2455665.88370 19.281 0.052 4.77 275.0
2455665.92389 19.246 0.050 3.82 482.0
2455667.76059 19.252 0.051 4.15 407.0
2455667.81253 19.211 0.051 4.70 362.0
2455667.85477 19.235 0.047 4.44 339.0
2455667.90820 19.409 0.050 3.99 267.0
2455668.73812 19.264 0.072 5.05 541.0
2455668.81464 19.111 0.057 4.55 556.0
2455668.87369 19.309 0.076 4.86 587.0
2455668.91386 19.151 0.067 4.77 662.0
2455669.76206 19.289 0.070 4.53 617.0
2455669.80198 19.052 0.055 4.63 592.0
2455669.85225 19.147 0.057 4.66 571.0
2455669.90366 19.534 0.093 4.59 625.0
2455670.77657 19.143 0.059 4.35 668.0
2455670.84037 19.275 0.086 5.45 676.0
2455670.88280 19.273 0.070 4.17 730.0
2455670.92280 19.233 0.068 4.56 747.0
2455671.75976 19.131 0.060 4.21 726.0
2455675.72188 19.165 0.052 3.95 466.0
2455675.76032 19.036 0.049 4.26 465.0
2455675.79880 19.095 0.053 4.68 409.0
2455675.85706 19.043 0.052 4.77 422.0
2455675.91195 19.333 0.077 5.59 432.0
2455676.68657 19.081 0.027 4.27 123.0
2455676.72555 19.092 0.034 4.32 195.0
2455676.76501 19.064 0.035 4.63 221.0
2455676.80437 19.050 0.039 4.19 319.0
2455676.86463 19.067 0.042 4.45 317.0
2455676.91466 19.143 0.045 4.47 337.0
2455677.71950 19.088 0.043 4.53 313.0
2455677.76161 19.038 0.039 4.08 333.0
2455677.80386 18.911 0.047 5.66 326.0
2455677.86522 19.064 0.043 4.40 324.0
2455677.90673 19.029 0.039 4.18 326.0
2455679.68411 19.022 0.049 4.74 342.0
2455679.72572 19.020 0.042 4.09 311.0
2455679.77755 19.001 0.045 4.94 312.0
2455679.81880 18.981 0.050 5.55 339.0
2455679.87067 19.016 0.042 4.04 345.0
2455679.90912 19.111 0.048 4.95 361.0
2455680.67168 18.998 0.050 5.04 339.0
2455680.71025 19.082 0.059 5.84 297.0
2455680.74954 19.092 0.050 4.74 300.0
2455680.79943 18.865 0.040 5.00 294.0
2455680.85396 18.883 0.039 4.60 320.0
2455680.89592 18.858 0.037 4.54 313.0
2455681.66254 18.933 0.052 5.73 398.0
2455681.70087 18.934 0.042 4.73 331.0
2455681.73967 18.882 0.034 4.02 320.0
2455681.79096 18.941 0.045 5.45 301.0
2455681.84482 18.976 0.045 4.71 382.0
2455681.88708 18.979 0.044 4.45 412.0
2455681.92654 18.827 0.043 4.96 453.0
2455682.68940 18.834 0.044 5.18 426.0
2455682.73077 18.874 0.041 4.90 367.0
2455682.77937 18.848 0.037 4.66 353.0
2455682.83213 18.919 0.039 4.20 377.0
2455682.85779 18.839 0.038 4.41 407.0
2455682.86796 18.850 0.037 4.20 409.0
2455682.91034 18.912 0.057 5.92 423.0
2455683.66024 18.901 0.043 5.00 385.0
2455683.71174 18.873 0.035 4.40 338.0
2455683.79104 18.949 0.040 4.44 353.0
2455683.83174 18.798 0.033 3.97 364.0
2455683.89152 18.924 0.041 4.12 436.0
2455683.93299 18.952 0.058 4.64 866.0
2455684.69402 18.833 0.040 4.92 336.0
2455684.74431 18.845 0.032 4.06 317.0
2455684.79428 18.832 0.038 4.95 318.0
2455684.86489 18.841 0.040 4.66 341.0
2455684.90541 18.871 0.041 4.67 352.0
2455685.65687 18.878 0.045 5.62 346.0
2455685.78096 18.869 0.030 3.71 299.0
2455685.81988 18.849 0.029 3.69 296.0
2455685.87471 18.858 0.033 3.90 322.0
2455685.91691 18.892 0.039 5.08 347.0
2455686.67083 18.826 0.043 5.46 367.0
2455686.73022 18.851 0.037 4.79 331.0
2455686.78638 18.824 0.028 3.41 346.0
2455686.83481 18.848 0.043 5.40 361.0
2455686.87694 18.992 0.046 4.51 363.0
2455686.91592 18.881 0.049 5.99 372.0
2455687.67092 18.843 0.051 6.16 461.0
2455687.71572 18.893 0.041 5.02 407.0
2455687.76656 18.824 0.037 5.00 333.0
2455687.81857 18.857 0.035 4.49 312.0
2455688.83062 18.821 0.042 5.54 312.0
2455688.88404 18.752 0.034 4.63 332.0
2455689.67419 18.717 0.038 5.56 338.0
2455689.73880 18.793 0.036 4.93 284.0
2455689.78722 18.803 0.029 3.86 274.0
2455689.82766 18.777 0.036 5.71 275.0
2455690.65488 18.726 0.035 5.17 324.0
2455690.70503 18.882 0.039 5.13 271.0
2455690.76653 18.796 0.042 5.57 299.0
2455690.80744 18.795 0.037 4.93 312.0
2455691.61978 18.795 0.057 6.85 606.0
2455691.68702 18.827 0.038 5.12 330.0
2455691.74505 18.816 0.038 5.11 304.0
2455691.78928 18.841 0.044 5.70 337.0
2455691.83863 18.868 0.043 5.06 357.0
2455691.87739 18.770 0.037 5.19 363.0
2455692.61098 18.851 0.075 7.64 646.0
2455692.68205 18.783 0.039 4.94 396.0
2455692.74136 18.776 0.039 5.37 346.0
2455692.77911 18.773 0.041 5.55 383.0
2455692.81964 18.847 0.043 4.84 457.0
2455692.85768 18.891 0.041 4.19 475.0
2455692.89605 18.755 0.042 4.91 553.0
2455692.93585 18.884 0.071 6.80 670.0
2455693.64649 18.774 0.046 5.70 437.0
2455693.70597 18.875 0.036 4.16 380.0
2455693.76515 18.774 0.029 3.76 347.0
2455693.80298 18.833 0.033 3.86 391.0
2455693.84167 18.798 0.033 3.65 457.0
2455693.87957 18.736 0.038 4.52 526.0
2455693.92143 18.848 0.050 6.32 617.0
2455694.62410 18.740 0.041 4.68 528.0
2455694.65856 18.765 0.042 4.86 500.0
2455694.71128 18.708 0.040 4.88 443.0
2455694.76569 18.741 0.040 4.84 439.0
2455694.81179 18.815 0.036 4.26 420.0
2455694.84972 18.879 0.041 4.83 374.0
2455694.88731 18.775 0.044 5.48 456.0
2455694.92475 18.896 0.055 6.57 485.0
2455695.60975 18.709 0.060 7.00 734.0
2455695.62840 18.821 0.058 6.53 464.0
2455695.68109 18.715 0.044 4.99 618.0
2455695.76263 18.907 0.045 5.00 379.0
2455695.81265 18.817 0.036 3.74 497.0
2455695.85156 18.796 0.031 4.15 321.0
2455695.88934 18.879 0.038 4.90 335.0
2455695.92693 18.787 0.040 6.45 357.0
2455696.61735 18.811 0.052 4.63 665.0
2455696.65850 18.840 0.049 4.66 563.0
2455696.71531 18.792 0.042 4.60 457.0
2455696.75467 18.902 0.046 4.88 418.0
2455696.79649 18.918 0.044 4.41 464.0
2455696.83949 18.900 0.046 4.30 511.0
2455696.88137 18.882 0.050 5.70 463.0
2455696.93737 18.933 0.076 7.48 832.0
2455697.62665 18.892 0.052 4.30 710.0
2455697.67405 18.826 0.043 4.09 596.0
2455697.72165 18.844 0.048 4.61 576.0
2455697.76057 18.863 0.048 4.80 569.0
2455697.80398 18.877 0.044 3.94 657.0
2455697.84160 18.765 0.038 3.78 635.0
2455697.88625 18.914 0.048 4.75 642.0
2455697.92700 18.918 0.057 6.63 625.0
2455698.61933 18.844 0.072 4.94 1315.0
2455698.66709 18.836 0.060 4.77 1044.0
2455698.70750 18.854 0.066 5.14 964.0
2455698.74741 18.903 0.069 4.98 914.0
2455698.78595 18.784 0.062 5.61 894.0
2455698.82861 18.847 0.058 4.54 999.0
2455698.86646 18.790 0.054 5.07 1047.0
2455698.90800 18.767 0.078 6.78 1195.0
2455702.59562 18.948 0.077 6.02 975.0
2455702.61894 18.943 0.080 6.66 718.0
2455702.65543 18.972 0.092 7.06 894.0
2455702.68890 18.817 0.079 7.43 767.0
2455702.74392 18.909 0.091 6.28 1320.0
2455702.77487 18.750 0.054 5.83 578.0
2455702.87216 18.937 0.065 6.21 621.0
2455702.90897 19.118 0.124 6.87 1324.0
2455703.73145 18.890 0.065 7.36 460.0
2455703.78134 18.748 0.062 7.57 479.0
2455703.84851 18.904 0.076 7.61 524.0
2455705.72497 18.972 0.049 5.59 343.0
2455705.76732 18.981 0.059 6.40 360.0
2455705.82064 18.874 0.042 4.73 353.0
2455705.87231 18.837 0.055 6.21 454.0
2455705.91782 18.804 0.073 8.46 504.0
2455706.65863 18.962 0.051 5.91 359.0
2455706.75515 18.986 0.062 6.81 388.0
2455706.80720 18.955 0.069 7.34 395.0
2455706.87276 18.968 0.065 6.69 513.0
2455707.60326 18.984 0.046 5.09 342.0
2455707.65054 18.872 0.038 4.86 306.0
2455707.69778 18.963 0.045 5.10 337.0
2455707.73595 18.960 0.050 5.46 363.0
2455707.77630 18.946 0.039 4.14 397.0
2455707.81597 18.923 0.038 4.18 387.0
2455707.85512 18.989 0.055 5.51 492.0
2455707.89713 18.992 0.060 5.99 532.0
2455708.56912 19.122 0.095 7.61 500.0
2455708.62149 18.864 0.056 6.51 403.0
2455708.67784 18.862 0.042 5.33 296.0
2455708.72711 18.865 0.042 5.38 288.0
2455708.76786 19.049 0.056 6.14 364.0
2455708.81677 19.014 0.050 5.21 364.0
2455708.86208 18.957 0.061 6.60 409.0
2455708.91469 18.899 0.082 8.70 718.0
2455709.59615 18.899 0.047 5.95 307.0
2455709.65123 19.214 0.047 5.16 281.0
2455709.83273 18.777 0.034 4.79 365.0
2455711.78176 19.229 0.078 6.90 343.0
2455712.61228 19.023 0.047 4.61 416.0
2455712.69596 18.909 0.040 4.80 354.0
2455712.73570 19.048 0.040 4.12 362.0
2455712.77833 18.989 0.039 4.03 370.0
2455712.81813 19.021 0.053 5.68 349.0
2455712.86093 19.057 0.063 6.40 422.0
2455713.74255 19.102 0.043 4.63 313.0
2455713.83250 19.189 0.054 5.43 331.0
2455713.87300 18.672 0.050 7.81 381.0
2455714.62880 19.085 0.055 6.08 327.0
2455714.64247 19.025 0.048 5.71 253.0
2455714.85716 19.189 0.071 6.62 358.0
2455715.57520 19.075 0.059 5.98 342.0
2455715.59207 18.953 0.045 5.25 321.0
2455715.63279 19.112 0.044 4.52 298.0
2455715.68563 19.034 0.041 4.73 281.0
2455715.73211 19.135 0.043 4.56 273.0
2455715.77802 19.091 0.042 4.35 277.0
2455715.82191 19.058 0.049 5.57 316.0
2455715.86164 19.047 0.055 6.39 341.0
2455715.91814 19.274 0.094 7.64 470.0
2455716.65264 19.192 0.055 5.50 278.0
2455716.71705 19.074 0.044 4.96 246.0
2455716.75727 18.954 0.046 5.56 266.0
2455716.80101 19.113 0.052 5.49 257.0
2455716.83994 19.147 0.059 5.96 299.0
2455716.88041 19.068 0.059 6.20 361.0
2455721.56127 19.079 0.058 4.54 523.0
2455721.57523 19.198 0.057 3.96 585.0
2455721.65075 19.817 0.111 5.07 513.0
2455721.72749 19.380 0.068 5.44 348.0
2455721.74193 19.181 0.056 4.95 344.0
2455721.79260 19.475 0.072 5.18 358.0
2455721.83169 19.394 0.087 6.26 409.0
2455721.88363 19.221 0.084 6.59 496.0
2455722.55866 19.207 0.055 4.41 488.0
2455722.57200 19.229 0.048 3.56 472.0
2455722.63147 19.093 0.045 4.11 395.0
2455722.68634 19.115 0.050 4.67 331.0
2455722.72799 19.297 0.054 3.99 390.0
2455722.74210 19.256 0.051 3.82 386.0
2455722.79129 19.247 0.055 4.33 434.0
2455722.83277 19.090 0.053 5.25 448.0
2455723.57298 19.349 0.066 4.40 434.0
2455723.62116 19.229 0.058 4.91 361.0
2455723.66876 19.294 0.060 4.79 344.0
2455723.71010 19.346 0.055 4.33 332.0
2455723.75080 19.172 0.048 3.94 365.0
2455723.78922 19.359 0.054 4.29 345.0
2455723.82836 19.277 0.059 5.25 347.0
2455723.86780 19.472 0.100 7.84 409.0
2455724.57217 19.386 0.095 5.01 609.0
2455724.64917 19.604 0.102 5.28 446.0
2455724.70131 19.340 0.080 5.55 393.0
2455724.75123 19.259 0.065 4.76 404.0
2455724.80170 19.242 0.073 5.76 442.0
2455725.54227 19.146 0.065 4.77 592.0
2455725.61839 19.222 0.048 3.74 460.0
2455725.68494 19.273 0.055 4.22 514.0
2455725.72560 19.311 0.053 3.40 576.0
2455725.76479 19.307 0.063 4.19 568.0
2455725.81110 19.471 0.089 5.57 612.0
2455726.56622 19.401 0.103 5.01 913.0
2455726.61330 19.302 0.085 5.02 806.0
2455726.65115 19.216 0.080 5.03 771.0
2455726.69895 19.307 0.064 3.72 736.0
2455726.74023 19.400 0.130 4.82 1467.0
2455726.78572 19.033 0.094 5.51 1242.0
2455734.59342 19.691 0.119 7.02 313.0
2455734.67496 19.379 0.070 5.31 350.0
2455734.72014 19.684 0.118 6.68 402.0
2455734.76591 19.347 0.082 6.15 390.0
2455734.80935 19.577 0.106 6.30 404.0
2455734.85969 19.385 0.115 7.52 487.0
2455735.64751 19.383 0.078 6.65 313.0
2455735.69300 19.573 0.083 5.85 290.0
2455735.75532 19.501 0.076 5.24 346.0
2455735.80422 19.535 0.082 5.25 364.0
2455735.85100 19.610 0.108 5.82 475.0
2455736.50826 19.762 0.122 5.65 542.0
2455736.55126 19.372 0.068 5.05 388.0
2455736.58923 19.600 0.065 4.11 333.0
2455736.63354 19.603 0.057 4.12 260.0
2455736.67356 19.460 0.058 4.60 267.0
2455736.72654 19.433 0.048 3.96 249.0
2455736.74329 19.433 0.054 4.19 277.0
2455736.79968 19.524 0.068 4.44 342.0
2455736.84678 19.537 0.078 4.85 407.0
2455736.89355 19.829 0.152 6.85 567.0
2455737.53446 19.572 0.077 4.54 425.0
2455737.57444 19.569 0.064 4.12 324.0
2455737.62714 19.491 0.049 3.60 282.0
2455737.66947 19.571 0.050 3.69 236.0
2455737.72399 19.512 0.052 3.98 236.0
2455737.76340 19.459 0.055 4.41 272.0
2455737.80411 19.535 0.061 4.44 302.0
2455737.84969 19.610 0.084 5.07 399.0
2455737.89035 19.579 0.099 5.89 502.0
2455738.60270 19.560 0.069 4.76 271.0
2455738.65582 19.379 0.047 3.73 273.0
2455738.71026 19.706 0.072 4.55 284.0
2455738.74978 19.534 0.058 4.36 296.0
2455739.54088 19.570 0.091 5.15 394.0
2455739.57909 19.764 0.103 5.52 310.0
2455739.61968 19.574 0.066 4.77 258.0
2455739.68684 19.478 0.063 4.89 241.0
2455739.72635 19.551 0.061 4.33 267.0
2455739.76529 19.589 0.069 4.88 314.0
2455739.80777 19.875 0.123 6.25 364.0
2455739.86116 19.764 0.153 7.30 444.0
2455740.51502 19.627 0.092 5.07 423.0
2455740.55971 19.507 0.100 5.96 390.0
2455740.62142 19.547 0.117 7.94 264.0
2455740.66332 19.703 0.092 5.55 270.0
2455740.72404 19.770 0.084 4.68 288.0
2455740.76383 19.773 0.081 4.38 313.0
2455740.80847 19.551 0.087 5.62 372.0
2455740.84670 20.249 0.209 6.78 439.0
2455741.49542 19.883 0.139 5.78 446.0
2455741.53364 19.459 0.068 4.43 364.0
2455741.57896 19.712 0.081 4.40 300.0
2455741.61676 19.576 0.077 5.23 261.0
2455741.65482 19.724 0.076 4.64 240.0
2455741.71602 19.570 0.066 4.21 278.0
2455741.75756 19.441 0.054 4.05 254.0
2455741.79598 19.583 0.066 4.01 312.0
2455741.83399 19.582 0.076 4.56 366.0
2455741.87217 19.799 0.092 4.86 418.0
2455742.50583 19.602 0.099 4.76 552.0
2455742.54879 19.788 0.111 4.79 471.0
2455742.58992 19.833 0.099 4.98 317.0
2455742.63846 19.546 0.058 4.23 265.0
2455742.69027 19.570 0.059 3.95 262.0
2455742.72926 19.597 0.058 3.81 264.0
2455742.76727 19.597 0.057 3.55 315.0
2455742.80559 19.537 0.057 3.71 325.0
2455742.84579 19.645 0.074 4.74 382.0
2455743.60081 19.674 0.108 6.12 348.0
2455743.63954 20.022 0.136 5.94 289.0
2455743.68048 19.599 0.080 5.08 292.0
2455743.74025 19.695 0.102 5.68 376.0
2455743.77845 19.689 0.111 6.05 381.0
2455743.81649 19.417 0.083 5.58 405.0
2455743.85421 19.313 0.098 6.33 524.0
2455744.49807 19.784 0.157 6.53 530.0
2455744.53614 19.659 0.106 5.51 405.0
2455744.57462 19.698 0.114 6.09 356.0
2455744.61279 19.684 0.094 5.18 360.0
2455744.67365 19.535 0.071 4.93 302.0
2455744.74558 19.589 0.072 4.78 281.0
2455744.79165 19.601 0.071 4.50 309.0
2455744.83798 19.512 0.104 6.35 404.0
2455745.48719 20.184 0.155 5.78 387.0
2455745.52567 19.675 0.117 6.57 339.0
2455745.57241 19.880 0.117 5.97 299.0
2455745.61263 19.834 0.139 6.81 324.0
2455745.66209 19.622 0.070 4.49 303.0
2455745.71173 19.741 0.085 5.03 309.0
2455745.74971 19.616 0.073 4.79 295.0
2455745.78778 19.419 0.087 6.51 295.0
2455745.87616 19.721 0.173 7.78 504.0
2455746.58455 19.700 0.074 4.46 298.0
2455746.62222 19.640 0.085 5.48 285.0
2455746.67788 20.178 0.162 6.27 274.0
2455746.72873 19.672 0.091 5.86 277.0
2455746.76645 19.934 0.128 5.94 325.0
2455746.80880 19.562 0.102 6.33 371.0
2455747.62754 19.553 0.097 6.54 297.0
2455747.67387 19.996 0.171 7.60 287.0
2455747.71686 19.771 0.107 6.03 290.0
2455747.76095 19.657 0.117 6.99 310.0
2455748.60470 19.689 0.085 4.72 412.0
2455748.65484 19.540 0.082 5.66 320.0
2455749.50016 19.916 0.175 7.38 424.0
2455749.53798 19.704 0.094 5.61 354.0
2455749.57586 19.748 0.099 5.86 306.0
2455749.61537 19.543 0.065 4.68 307.0
2455749.66542 19.769 0.116 6.67 282.0
2455749.70456 19.652 0.102 6.47 272.0
2455749.74279 19.461 0.092 6.66 293.0
2455749.78129 20.037 0.161 7.03 308.0
2455752.54445 19.575 0.124 6.65 514.0
2455752.58230 19.894 0.160 6.48 496.0
2455752.63564 20.069 0.169 5.66 565.0
2455752.73338 19.746 0.093 5.32 397.0
2455752.77328 19.627 0.142 6.10 816.0
2455753.70959 19.500 0.111 5.50 877.0
2455760.50293 19.435 0.099 6.42 449.0
2455760.55928 20.067 0.153 5.42 476.0
2455760.59739 19.772 0.185 7.66 473.0
2455760.65368 19.987 0.139 5.80 417.0
2455760.69961 19.635 0.108 5.88 470.0
2455760.74844 19.628 0.085 4.60 472.0
2455760.78643 19.514 0.084 4.74 541.0
2455760.82406 19.996 0.179 6.00 678.0
2455761.51936 19.520 0.050 4.03 316.0
2455761.56253 19.783 0.053 3.41 308.0
2455761.63010 19.210 0.073 4.20 1176.0
2455762.48360 19.811 0.103 4.73 355.0
2455762.52423 19.938 0.126 5.41 345.0
2455762.56241 19.682 0.100 5.64 335.0
2455762.60424 19.933 0.104 4.79 323.0
2455762.64321 19.867 0.120 6.03 318.0
2455762.71876 19.686 0.106 5.48 371.0
2455763.47451 19.821 0.107 4.64 484.0
2455763.51716 19.934 0.088 3.94 370.0
2455763.55885 19.883 0.068 3.39 323.0
2455763.61291 20.086 0.129 5.55 306.0
2455763.66104 20.007 0.100 4.47 327.0
2455763.70144 19.883 0.117 5.50 391.0
2455763.74641 19.766 0.106 4.88 507.0
2455763.78440 19.862 0.160 6.55 532.0
2455764.47895 20.037 0.114 4.35 406.0
2455764.52302 19.910 0.091 4.48 314.0
2455764.56273 19.914 0.100 4.63 371.0
2455764.60508 19.797 0.083 4.64 309.0
2455764.65307 19.678 0.067 4.55 259.0
2455764.70121 20.079 0.096 4.27 307.0
2455764.74730 19.885 0.110 5.44 372.0
2455765.48159 19.976 0.117 4.82 447.0
2455765.52438 19.599 0.085 4.97 423.0
2455765.57634 19.663 0.065 3.80 370.0
2455765.63203 19.722 0.077 4.10 396.0
2455765.67545 20.016 0.112 4.65 401.0
2455765.72043 19.882 0.110 5.51 363.0
2455765.76367 19.904 0.150 7.15 398.0
2455766.49399 19.979 0.124 5.61 325.0
2455766.53357 19.845 0.098 5.31 293.0
2455766.59782 19.815 0.067 3.93 254.0
2455766.63726 19.918 0.087 4.47 265.0
2455766.67806 19.996 0.096 4.88 260.0
2455766.72272 20.420 0.205 6.75 272.0
2455767.51494 20.088 0.140 5.40 355.0
2455767.55806 19.950 0.111 4.86 376.0
2455767.60217 19.810 0.119 6.21 341.0
2455767.66998 19.845 0.095 4.55 365.0
2455767.72379 19.868 0.114 5.56 351.0
2455767.76586 20.137 0.206 7.76 351.0
2455768.50048 20.194 0.134 5.26 336.0
2455768.55175 19.913 0.097 4.87 354.0
2455768.60242 20.030 0.098 4.74 298.0
2455768.64948 20.276 0.115 4.32 305.0
2455768.69724 19.840 0.075 4.21 301.0
2455768.73975 19.637 0.077 4.91 359.0
2455768.78007 19.747 0.088 4.68 441.0
2455769.48527 20.108 0.150 5.77 373.0
2455769.52741 19.923 0.085 4.41 299.0
2455769.58023 20.022 0.104 5.13 263.0
2455769.63597 19.839 0.075 4.49 263.0
2455769.69268 20.052 0.099 4.55 271.0
2455769.78523 20.021 0.168 7.38 391.0
2455770.72504 20.161 0.143 5.07 365.0
2455770.76651 20.158 0.172 6.35 312.0
2455775.60765 20.265 0.162 6.07 261.0
2455776.62101 19.811 0.125 6.68 301.0
2455776.68684 20.233 0.154 5.72 304.0
2455776.73620 19.967 0.168 7.49 309.0
2455777.49243 20.145 0.123 4.71 379.0
2455777.54252 19.810 0.069 3.89 331.0
2455777.58902 20.223 0.142 5.59 307.0
2455777.66923 19.954 0.081 4.23 286.0
2455777.71981 20.099 0.107 4.58 311.0
2455778.47586 20.241 0.219 6.17 467.0
2455778.52744 20.259 0.202 6.15 405.0
2455778.57389 20.375 0.208 5.57 442.0
2455778.62205 20.129 0.168 5.43 505.0
2455779.61145 20.000 0.089 4.13 300.0
2455779.65775 19.834 0.097 5.03 322.0
2455779.71026 19.981 0.113 5.29 327.0
2455784.60831 20.590 0.194 3.78 584.0
2455784.70108 19.546 0.114 5.94 692.0
2455785.47384 20.051 0.215 6.12 681.0
2455785.59027 19.977 0.146 5.12 530.0
2455785.68041 19.941 0.162 6.12 610.0
2455786.67016 20.208 0.198 5.55 552.0
2455787.48927 19.921 0.116 4.51 540.0
2455787.56055 19.827 0.094 3.99 499.0
2455787.60469 19.853 0.092 3.88 501.0
2455787.64732 20.000 0.124 4.42 535.0
2455787.68865 20.055 0.148 5.44 591.0
2455788.50409 19.964 0.123 4.96 382.0
2455788.56840 20.116 0.160 5.65 417.0
2455788.60706 20.027 0.132 4.74 462.0
2455788.64884 20.246 0.172 5.15 460.0
2455790.48568 19.767 0.102 5.83 309.0
2455790.53477 20.474 0.207 6.24 293.0
2455790.58746 19.819 0.123 6.23 349.0
2455790.62668 19.758 0.119 6.04 373.0
2455790.66760 20.279 0.152 4.98 368.0
2455790.70789 20.143 0.167 5.32 531.0
2455791.47404 19.842 0.173 6.87 495.0
2455791.52413 19.991 0.140 5.72 348.0
2455793.53895 20.191 0.141 5.48 316.0
2455793.58153 20.078 0.126 5.44 299.0
2455793.62235 20.114 0.129 5.28 306.0
2455793.66104 20.051 0.112 4.90 323.0
2455793.70241 20.674 0.244 5.52 397.0
2455794.47622 20.255 0.227 7.24 379.0
2455794.53603 20.061 0.120 5.28 275.0
2455794.58856 20.166 0.160 6.08 299.0
2455794.62721 19.980 0.120 5.39 307.0
2455794.67479 20.034 0.135 5.53 354.0
2455795.52598 20.500 0.255 6.85 296.0
2455795.64035 19.916 0.129 5.83 317.0
2455796.50022 19.983 0.116 4.95 355.0
2455796.56565 19.964 0.132 6.21 344.0
2455796.60899 20.063 0.122 5.23 327.0
2455796.64906 19.900 0.107 5.27 310.0
2455796.69215 19.980 0.184 7.34 415.0
2455798.67346 19.999 0.183 7.67 368.0
2455801.47952 20.180 0.156 5.66 365.0
2455801.54418 20.092 0.132 5.75 288.0
2455801.58314 20.119 0.148 6.21 272.0
2455801.62126 20.136 0.172 6.74 302.0
2455802.57704 20.007 0.145 6.02 320.0
2455803.50785 20.212 0.168 5.88 337.0
2455803.58913 20.002 0.159 6.59 360.0
2455804.50439 20.047 0.116 5.07 318.0
2455804.55544 19.984 0.129 5.90 309.0
2455804.59590 20.102 0.126 5.06 301.0
2455804.63382 20.292 0.162 5.44 341.0
2455804.67795 20.350 0.199 6.02 455.0
2455805.50365 20.074 0.092 4.00 303.0
2455805.55612 19.948 0.083 4.08 289.0
2455805.59399 20.344 0.142 4.87 314.0
2455805.64029 20.401 0.238 7.35 389.0
2455806.49670 20.299 0.188 5.69 378.0
2455806.55325 20.285 0.227 6.46 419.0
2455807.54994 20.415 0.229 6.52 329.0
2455807.63380 19.595 0.127 7.14 356.0
2455812.49672 19.842 0.191 6.95 589.0
2455812.57626 20.450 0.260 5.31 616.0
2455813.50422 19.885 0.109 4.54 497.0
2455813.55033 20.410 0.167 3.90 542.0
2455813.58866 20.181 0.128 3.84 552.0
2455813.62647 20.214 0.153 4.52 612.0
2455815.52961 20.049 0.107 3.79 472.0
2455815.56808 20.138 0.107 3.36 478.0
2455815.61529 19.891 0.099 3.77 597.0
2455816.50098 20.096 0.122 4.28 476.0
2455816.54846 19.810 0.111 4.65 552.0
2455816.58677 19.901 0.118 4.74 573.0
2455817.50214 20.289 0.147 4.48 453.0
2455817.54946 20.119 0.155 5.13 474.0
2455817.58865 20.078 0.181 5.91 527.0
2455817.62648 19.789 0.152 7.61 568.0
2455818.48136 20.175 0.197 5.40 553.0
2455818.53087 19.781 0.116 5.30 461.0
2455818.56890 20.186 0.196 6.16 491.0
2455818.60921 20.023 0.213 7.60 608.0
2455819.48141 19.701 0.125 5.64 609.0
2455819.53958 20.499 0.210 5.01 481.0
2455819.57718 19.821 0.119 5.02 512.0
2455819.61647 20.031 0.140 5.22 583.0
2455820.50828 19.931 0.153 5.94 449.0
2455820.55524 20.168 0.146 4.94 405.0
2455820.59307 20.596 0.242 4.91 485.0
2455820.63087 19.918 0.188 6.75 620.0
2455822.52189 20.584 0.263 6.67 294.0
2455822.56684 19.812 0.120 6.10 309.0
2455822.61032 20.075 0.145 5.79 355.0
2455823.54175 20.079 0.185 6.52 387.0
2455823.58529 20.414 0.211 5.42 413.0
2455824.52235 20.002 0.125 5.22 352.0
2455824.56334 20.024 0.118 4.64 340.0
2455824.60455 20.096 0.156 5.83 379.0
2455825.48163 20.184 0.207 6.04 520.0
2455825.53367 20.136 0.158 5.27 417.0
2455825.57999 19.900 0.128 5.72 433.0
2455826.50315 20.423 0.225 6.17 362.0
2455826.55182 20.085 0.163 6.30 385.0
2455826.59130 19.790 0.162 7.96 477.0
2455827.52924 19.516 0.124 6.48 507.0
2455827.57206 20.299 0.229 6.40 507.0
2455827.60965 20.427 0.274 7.78 476.0
2455828.50271 20.060 0.117 4.46 338.0
2455828.54260 20.137 0.128 4.66 337.0
2455828.58024 20.223 0.171 5.71 382.0
2455829.51545 20.376 0.179 5.17 414.0
2455829.55337 20.248 0.145 5.31 429.0
2455829.59123 20.360 0.175 6.44 439.0
2455830.47931 20.566 0.238 4.30 839.0
2455830.52862 19.994 0.101 5.16 368.0
2455830.56628 20.277 0.182 6.97 389.0
2455830.60453 19.961 0.170 8.65 407.0
2455831.52738 20.518 0.198 5.81 366.0
2455831.56494 20.333 0.180 6.64 387.0
2455832.51079 20.097 0.124 4.83 404.0
2455832.55037 20.378 0.215 6.54 428.0
2455832.58999 19.917 0.184 8.67 481.0
2455833.50845 20.131 0.136 4.88 385.0
2455833.54834 20.555 0.195 5.52 361.0
2455833.58617 20.206 0.211 7.68 400.0
2455834.50794 20.230 0.127 4.82 353.0
2455834.54563 20.833 0.252 6.41 345.0
2455834.58498 20.463 0.216 7.38 412.0
2455839.52226 20.498 0.281 6.15 571.0
2455839.56120 19.611 0.173 6.07 1215.0
2455840.50866 20.161 0.208 5.93 520.0
2455840.51048 20.266 0.205 5.23 520.0
2455840.56289 19.725 0.119 4.90 592.0
2455841.50829 20.112 0.202 5.69 609.0
2455841.54790 20.366 0.257 5.54 660.0
2455843.51195 20.505 0.270 6.06 533.0
2455843.55278 19.922 0.164 6.18 564.0
2455844.49626 20.137 0.177 5.25 582.0
2455844.53571 20.427 0.281 6.15 592.0
2455844.57647 20.049 0.237 7.00 727.0
2455845.53643 20.205 0.188 5.02 673.0
2455845.57675 19.957 0.196 6.01 862.0
2455846.53845 20.267 0.263 5.71 815.0
2455850.51119 20.265 0.157 4.72 490.0
2455850.54981 20.262 0.213 6.21 491.0
2455851.50012 19.981 0.124 5.18 440.0
2455851.53846 20.531 0.246 6.11 443.0
2455854.53471 19.608 0.129 6.24 654.0
2455855.51178 20.315 0.246 5.21 646.0
2455856.51023 19.987 0.216 6.95 570.0
2455860.50520 20.035 0.190 6.27 583.0
2455862.50857 20.108 0.207 7.07 490.0
2455867.49775 19.586 0.150 5.18 1407.0
